5.32515
17.9504
-23.2536
-13.5084
-10.2863
-4.37989
36.7551
16.538
15.2713
16.6962
9.63078
22.026
52.8889
-23.1891
0.811266
21.2217
17.5263
-24.3613
30.3445
52.8649
-31.8262
4.16568
32.4013
7.0394
44.4792
-16.4145
-8.13116
28.5703
51.1172
3.68231
-48.8008
16.0362
-6.16901
9.26806
-1.03185
-13.1382
-1.00995
-27.5786
7.99232
5.70676
32.6755
-0.880036
-1.16224
39.0859
-43.9847
-30.7892
-7.67816
-12.4926
-3.65587
-55.7552
-21.4549
17.0864
-11.7222
3.99523
44.7474
-3.48133
15.3722
61.7746
0.955263
0.205994
-21.1463
5.0198
0.833025
22.2412
0.235921
-16.8293
10.6739
-14.1377
28.5556
10.7315
33.9609
0.124895
7.74318
12.8974
27.4201
-20.3711
2.92602
-4.21125
-10.0484
28.9852
-15.8363
-33.3644
19.5715
26.0949
13.3468
-15.4182
-9.15063
9.09828
-5.70666
-16.5222
-13.5817
10.092
2.41816
-2.7607
4.23582
33.4259
20.1502
22.5434
11.5744
-30.103
-12.3933
-0.796538
-8.01041
29.3279
-22.1071
-7.63427
-0.790425
11.4041
13.0122
13.9546
-17.1773
21.408
16.6571
19.7959
-12.8438
45.7551
28.4523
19.9091
20.3081
23.8932
15.57
4.08399
30.1372
-3.68217
22.7631
-22.7043
3.14632
10.3946
-18.4171
-16.1592
-15.7576
30.4719
27.9043
-16.3658
8.58039
9.63243
7.31354
14.5327
-23.9686
50.1834
-12.7712
-12.8073
13.937
-4.05542
15.2233
12.4287
22.1996
18.8925
7.54624
11.4195
8.93135
23.6603
18.249
-1.39242
26.7251
-0.289598
46.6359
60.4368
24.9529
5.0436
41.798
41.7528
28.2648
-18.2215
-23.6155
12.7212
15.2759
-32.1571
12.1194
5.85669
31.6693
30.3049
-14.3411
28.2591
35.7162
-14.5875
15.2555
-4.81362
37.7007
20.8082
-18.9504
31.3978
13.2565
-3.23863
23.5726
38.1175
24.9724
-15.013
20.1407
-24.0232
3.52506
4.24425
2.97512
19.3134
3.82477
20.7122
1.88725
-5.80568
43.2798
10.4218
14.1404
-33.4884
-7.13103
1.18022
-21.6202
22.6714
-21.061
1.46291
9.29547
12.1687
4.99662
34.9938
1.55919
-10.1279
9.00675
20.1878
2.97747
27.2831
-20.5644
19.9603
3.39739
-4.75069
-18.0929
-12.2117
-17.5575
-19.6205
12.7977
31.139
36.9511
3.18108
2.45267
-10.1934
-15.0459
-5.63519
10.5111
15.988
3.82734
11.9358
25.8043
5.50229
13.6117
12.4947
35.6143
-24.0199
-25.6965
4.64188
-9.73909
-23.6866
15.1098
37.3138
-16.2112
-11.092
-29.8836
-62.5526
32.6739
-14.5141
-16.3071
9.58372
-3.8133
14.4334
12.1935
-13.4053
23.9565
17.4699
-4.59408
-21.4883
-11.8396
-14.1387
39.7712
-7.24035
-37.0594
-10.5902
-21.3343
-45.2951
24.9545
-23.5219
-0.153524
-22.7987
34.2463
5.30965
5.12223
10.757
-12.0205
-9.55638
-8.00843
-31.9111
-0.428461
6.63039
-0.25131
12.5538
-2.93475
-13.5979
16.1394
18.3746
-35.2363
22.6239
-42.9549
27.2174
-1.6238
-15.6829
14.7486
10.3341
15.2235
30.6373
34.5058
-7.41126
5.76566
1.01514
-9.84554
23.8376
31.4917
-0.637181
40.1758
51.083
5.23592
19.0439
37.5424
28.0489
7.17357
13.9224
9.83673
20.852
11.8939
2.65888
-21.7979
35.1865
-22.2281
-1.23032
-38.06
25.3438
23.9898
20.4802
-0.0861818
-17.9917
-27.463
-3.33493
43.5859
-2.50993
-10.718
-12.2153
0.350471
32.1989
-32.3542
2.82642
-9.75954
-24.0274
-1.4602
2.08459
-16.8353
9.85167
8.35437
-16.588
15.1492
-5.26028
22.9308
-20.9631
14.0708
20.657
-9.08053
5.49445
31.6822
39.0038
5.92313
23.3805
-1.17498
-16.4006
-1.91974
-15.0804
55.2107
14.1584
3.37791
-15.3445
21.5256
23.4972
-29.9669
0.377196
45.961
19.0213
9.60484
24.72
2.87764
-4.14289
-14.2976
36.7695
0.980781
14.8224
6.57305
20.0437
-4.4024
25.3065
5.98984
-11.9299
2.30634
34.5687
12.8903
8.95057
18.1361
35.0285
5.07639
20.7021
30.054
14.9879
-15.0421
8.57164
23.8333
30.2362
0.253692
-8.34529
-18.2678
11.0099
-28.5001
23.464
-1.26377
-12.9965
-5.2566
9.27955
37.2777
-21.3539
-13.129
37.8155
3.4937
61.614
-23.2175
-10.0124
20.7651
-30.3626
-32.1293
-24.7285
-11.4609
0.818192
5.64108
27.3499
41.2699
16.0358
22.3782
23.7862
6.08864
-9.20467
-5.58508
-32.7655
-9.28241
-11.732
25.1905
5.41529
-12.2377
19.0743
25.2773
9.17052
12.1828
25.5569
28.1637
7.22579
28.4966
34.3203
14.3488
34.5335
22.8456
-29.8256
3.8782
-3.77148
-16.0133
-12.5945
21.0564
-28.1848
41.4623
-9.51956
-29.4852
28.296
33.3363
5.3798
15.3529
36.4152
22.0024
7.89057
18.9714
-13.5233
-6.55607
-7.12236
5.9965
-19.0148
29.3182
2.75263
56.5285
-15.754
-5.27472
0.574298
5.55543
-19.123
0.924876
-5.52256
-0.443822
-39.9022
32.5623
18.3244
19.8944
9.78967
16.67
13.7446
12.3756
22.7647
-35.2807
-3.96357
-23.1214
-14.775
3.42942
9.04624
-5.1449
14.1583
21.8458
20.4669
-2.88761
34.5972
-11.415
11.5107
-15.7851
-3.71997
-6.64708
14.9941
-18.6197
19.9458
-13.91
-11.6493
14.0682
45.1066
23.3613
2.55512
2.86146
10.2951
42.3743
11.7986
66.0149
15.0552
27.0213
-15.5458
34.9712
17.391
27.96
17.7609
35.5698
-11.1704
6.85096
-7.98571
20.681
-32.1145
10.6479
25.108
-7.62225
7.29988
5.32064
16.259
-19.2658
5.74937
-9.1634
-2.98756
17.8727
-16.2951
7.2464
16.5551
16.7001
25.1199
-27.3683
-15.4164
18.5342
1.12949
-22.5014
29.86
16.015
-4.71668
17.4046
1.81953
50.0621
23.6918
4.58227
-3.30961
22.7614
7.69002
0.817712
17.41
23.9559
1.47232
14.8353
-6.86198
8.94245
-18.2315
12.8609
-11.6373
3.52746
20.2739
-31.9156
13.3844
-3.49938
-14.0641
-8.00714
17.4033
10.735
0.589715
5.42529
-2.26178
47.496
9.56399
27.7631
-12.6896
26.7623
20.4925
48.6292
21.5569
-11.5736
16.2744
4.2482
-17.6824
-7.01314
-38.3801
-17.7596
-0.647214
11.422
-22.7252
43.2527
-12.4767
-19.0968
6.50672
-26.6188
-2.48713
-14.0918
-27.9802
-21.4886
-7.13745
11.5729
8.8462
27.1609
21.9587
1.36228
6.63585
20.1062
-16.1916
15.5911
-7.07191
-8.10201
59.0323
18.9491
19.1383
-11.5348
-17.7327
5.14111
11.123
-14.0982
19.0313
-7.17807
-19.8614
5.80534
-28.0946
10.8605
-0.105299
29.7256
15.7524
11.6538
-15.1527
-32.6497
28.9559
-40.694
27.569
-3.40092
3.41727
-60.2371
5.03384
3.12232
-6.49681
-7.02986
-9.04727
4.92709
31.5304
19.2082
-11.2679
-9.99696
35.8566
25.5395
12.2038
3.0802
49.0513
5.40269
6.85363
-9.98794
-19.6412
12.3573
8.44876
-15.1594
18.45
-10.0462
24.8018
-25.0796
9.1101
-4.57056
-7.38718
-6.12363
2.07454
-15.26
12.4215
4.93683
4.82131
20.586
20.4924
-22.5201
-4.74605
0.593058
-26.1255
-7.68009
15.6443
-7.49534
7.65896
16.1547
7.90054
19.0036
23.5512
8.3411
27.002
11.6669
-4.92994
44.3747
43.7548
35.0639
-5.35714
-15.2303
19.2135
17.6085
30.9589
20.9243
2.07019
-21.3945
-5.40123
-8.34105
38.2264
-8.67752
29.7188
-18.6909
17.8934
-16.7159
-6.29625
-21.6241
-12.4584
48.587
-17.7108
-0.201481
-17.8317
-2.38026
51.2672
8.77054
-25.7034
3.28914
-1.8319
38.3396
4.23912
-13.3031
-11.2659
-27.5195
17.8703
-27.5788
-1.406
0.160405
27.1676
-9.71873
19.3684
-22.6956
19.4299
9.56565
-36.7089
-0.694356
17.77
24.9355
-34.0266
-23.7895
19.7899
-17.7278
12.3137
-35.2655
-14.9206
-11.4968
21.8956
27.2009
-13.1642
14.77
16.3253
-21.3814
22.4275
-9.0044
8.0031
0.738193
16.2798
-7.35088
16.2705
-0.740324
-1.27052
-22.7381
5.0049
-51.6469
20.9984
0.633148
5.87648
-3.92344
-12.2089
-1.38715
-8.56499
-0.79416
-1.19536
12.5417
29.5749
18.285
36.9605
19.1888
-17.9919
-25.7496
-0.0757616
-4.78677
0.100517
12.6941
0.0805688
-4.84974
23.9938
-8.99296
19.51
-18.3292
-6.28769
7.86568
16.4168
9.7685
34.0038
9.42701
-7.92345
5.7161
-13.8675
10.863
9.7913
-8.6006
23.9036
-17.3727
9.5871
36.3731
10.9071
32.4946
37.3855
5.73834
25.4817
4.97281
23.0221
-10.1241
-1.20535
48.2582
19.0097
32.9649
-27.7628
4.63272
2.56814
-8.88392
23.4993
17.7428
12.1111
3.83824
26.46
-13.2137
38.8601
-10.6997
38.3188
-40.2678
-24.8464
-0.863602
-15.8014
27.1029
-32.2024
-4.42605
16.5367
-22.2615
-15.7153
15.8363
-25.1911
29.9758
1.41093
29.3839
7.9096
3.44787
6.59156
5.40715
-43.1781
21.7721
27.3917
15.0664
-53.2852
20.6947
13.6028
-0.227948
30.8893
-13.1567
-18.457
-36.1472
14.6568
-11.3424
-11.1234
29.8638
6.86183
-4.91873
30.3998
-10.7509
11.2578
4.78239
13.1542
23.3062
-34.2872
-1.64664
36.1126
26.2019
5.58566
17.3065
33.0591
11.8167
-17.677
25.3759
40.3549
-18.2916
-22.738
-16.9179
9.5593
29.9277
-3.92201
-10.7935
4.76833
46.2918
31.3219
-3.42339
-4.79926
-3.40629
14.2004
2.33661
-24.2107
2.54716
-18.5297
9.22348
-11.1201
11.8834
5.63209
8.68784
41.0013
-11.599
-0.0146161
-28.9807
25.3727
16.2795
26.5448
35.4389
32.5511
-10.5038
3.40278
22.6384
1.49703
22.5561
27.352
-8.60827
-31.4624
8.21783
0.884607
-21.0647
-6.39198
2.95193
20.9905
-20.9928
14.5369
14.8877
2.90118
5.8444
-0.660835
-14.6183
21.4184
14.8335
0.569947
-2.55251
-6.16766
55.2391
-6.54572
-10.3867
18.2877
26.7433
26.1655
37.9708
24.8505
21.9894
-20.5944
5.81513
14.3981
-11.698
-14.2926
13.5831
32.06
-22.8444
-7.38742
-6.05777
-26.5921
8.82998
10.3493
19.3831
7.42311
-4.47127
-13.0947
5.59
25.1178
-0.752025
4.20826
12.4575
-0.459777
-3.06906
-12.1726
1.0849
-1.34087
10.8789
49.3516
4.34781
40.284
-2.50507
30.6615
11.1919
7.64246
37.1302
7.41653
30.8316
2.88036
10.2169
-6.00676
-0.984176
-29.7431
15.6656
-47.8102
26.3234
4.64099
10.4933
49.9249
-3.8575
-9.13577
16.0059
12.8523
-10.1007
19.4289
3.43902
14.5018
11.8476
-18.4953
16.8702
-10.5872
30.4723
3.18648
7.30837
-1.98863
45.685
-18.6764
42.6336
0.322234
45.7496
27.8252
2.21367
-1.46852
22.4243
28.5317
3.95583
37.5531
37.3179
1.46155
10.2548
-5.45676
3.10514
3.06548
-7.71596
26.4428
30.6166
4.62219
-14.0417
-15.7033
-6.9695
-1.09108
37.4384
5.52847
45.3693
15.1465
43.5336
-29.3771
-25.9884
17.2972
26.9289
13.1569
27.1754
12.3057
-9.86618
7.54495
10.045
-18.6813
-5.11567
33.2278
4.63515
44.8974
14.8916
31.315
-4.29445
-20.5763
15.8586
10.4889
22.0179
2.65352
27.4475
-21.9187
10.2153
20.9193
-0.360359
-1.7438
23.3005
-7.10142
-18.4085
-6.83118
-22.8435
12.3654
-33.4299
-20.8463
28.7829
-12.6392
-14.2868
-20.6975
-14.0488
27.2382
14.1942
-8.08781
10.6761
-12.6978
11.2324
-14.3428
9.45385
-2.86508
9.8297
8.77978
10.7659
-26.0139
-4.78772
41.6957
29.9911
23.9668
-1.77658
-19.2916
-14.5835
-13.2839
-20.384
-12.2042
-15.0302
-6.91645
23.2944
-25.282
8.97756
-27.273
-2.14132
42.0728
-8.30287
45.1078
-3.47784
10.7486
-2.37786
-12.6191
-7.59933
17.5941
-1.90773
26.3889
-6.60755
46.9094
24.5579
12.3824
58.9928
-17.3433
3.65674
-6.80063
-12.985
8.86206
-15.374
5.7894
11.2886
-1.85151
32.8582
32.3447
36.1949
2.49788
9.13958
-32.9616
25.9804
10.5023
40.8736
6.76393
4.43863
35.4976
43.6895
30.4948
-13.1717
-9.97775
37.5836
41.6846
12.6101
22.7544
45.018
7.19487
2.33317
-17.9226
35.0009
4.37528
-25.8387
-10.7342
53.1817
1.41674
21.3573
-41.6021
-13.9968
-8.13442
23.3708
-0.337883
19.93
27.0433
33.1809
0.955956
44.0325
-32.23
5.94403
-19.3764
9.17715
23.8676
-15.2202
-6.6079
-13.7421
43.8537
-18.5147
-6.81553
24.4318
11.7266
29.0561
-16.3323
-0.00925569
-16.0568
-16.803
5.15555
21.4488
7.14589
-4.79327
41.3548
29.1625
31.2601
-34.6063
42.9311
37.5523
16.3633
-33.8536
5.59891
29.9455
-34.6652
-19.556
2.46339
6.19306
-10.734
2.68364
-2.64749
-25.7184
-24.3836
23.4317
-6.50019
2.30732
4.09774
-39.1733
-15.8929
-6.4264
-9.34505
33.7487
-15.5508
32.5423
19.5918
3.38572
42.4912
22.9577
18.5719
2.44671
-22.4387
41.7391
-5.08399
-27.0777
-30.1789
-24.662
31.3027
-36.2091
11.1145
-5.27477
17.9887
-9.44848
-26.666
14.716
10.2798
22.9092
3.23643
-9.93676
49.3305
38.8998
35.9609
-22.7698
17.1103
24.5233
4.26947
10.8936
3.37162
7.80043
14.6833
5.90847
0.330786
-10.347
18.9433
-0.655812
-30.7388
-15.6946
13.0505
27.6645
2.99075
15.7506
-3.52436
7.88236
-16.0971
4.16729
-10.7572
19.4337
-0.647101
26.0902
8.3532
12.9443
18.4379
-5.3018
-37.2846
22.738
21.5829
41.1717
-22.251
5.76187
22.6324
5.60972
-4.44165
0.544899
3.59751
18.9941
-27.0682
-27.8722
25.8774
7.28631
8.47037
18.4336
-31.791
-16.0526
-37.0934
-12.6574
21.9477
-25.1814
33.2768
-15.8752
18.0023
-31.0398
-1.52374
7.16992
7.41348
4.48144
11.2065
5.21914
17.1107
3.64729
24.8239
50.8043
35.4367
-15.0211
17.5485
-12.1616
-6.19394
31.57
-15.7633
33.1205
-0.321957
12.9622
28.3788
17.2
6.24721
-27.3317
6.34551
3.80338
-12.6422
-11.4065
-11.7457
-29.0775
-1.03517
-13.447
25.4873
5.5654
-1.88071
0.235383
1.26553
-5.78978
4.41164
-0.82177
-11.9958
17.773
5.45094
0.593062
-25.4696
16.6318
15.887
0.833939
-12.6334
-18.8648
-15.4534
-1.4687
53.2423
-33.1776
-7.51226
-6.17207
30.3998
0.0608916
52.9604
-38.2638
-23.7256
4.19223
15.0978
-19.8969
24.6526
-13.171
-0.0554294
37.901
18.9793
6.26198
-5.69151
13.6392
1.24758
4.41319
29.9696
12.9768
10.8001
13.4368
-15.2602
-20.5538
-3.58684
-17.7857
12.7692
12.1322
0.225074
36.0584
17.4606
36.4842
-2.0994
-11.4084
-6.9319
-5.06151
-15.7662
-4.1369
18.0811
-22.7757
0.007886
-23.2847
15.783
-0.456466
23.0762
15.7426
12.0808
-8.23363
33.5231
-13.2885
15.3799
6.62581
-0.901652
-15.266
-14.8624
0.596605
-7.79316
14.629
0.497339
11.4872
-10.7898
-14.7595
-44.4866
-16.5744
-1.81589
-13.8885
5.84733
10.517
31.5753
-15.525
-20.5497
-17.3915
34.9554
8.67298
-4.38216
12.2666
25.1872
48.2446
34.5501
18.2373
1.8384
35.3629
-25.0471
17.1105
-18.0177
22.3427
25.8903
-13.8568
6.67993
-50.6099
10.1644
19.7024
2.05246
-4.20042
23.1016
20.2967
6.18587
17.5161
-14.2895
8.52595
46.4038
2.79025
6.50968
20.8971
6.8
34.6882
-12.9865
-20.4526
9.58733
13.9705
21.8744
-22.8637
-0.37276
24.2025
24.8573
25.6974
25.2502
51.1829
-4.48064
11.2496
32.0866
-4.26168
18.3034
20.685
12.6063
32.4417
-20.2409
24.2526
-13.8261
12.2841
-4.92004
4.26035
-5.84827
9.93561
9.20974
-14.9332
10.9155
39.1092
-0.0866272
-28.7119
-21.6704
20.0581
7.40029
-6.23577
-23.6769
19.7819
3.21079
6.29904
-32.0378
4.40504
1.17747
-46.4863
9.62344
3.76956
34.0953
3.48008
-2.77234
-18.0233
5.9488
-1.50167
16.1177
31.6903
-4.76535
1.77224
52.2619
13.0659
9.77713
19.2104
69.3262
10.4086
-27.232
27.4914
29.6203
29.23
22.3995
-28.6341
41.6006
-9.37104
-8.77485
25.3855
-16.7831
-5.06634
-11.51
5.12188
-3.62598
5.53464
12.8775
10.6477
-19.3343
14.026
-1.03654
-8.99147
10.4393
-2.70927
30.2547
9.55013
-4.98171
-27.3259
5.14479
30.8398
18.9773
14.8083
41.6102
10.064
-7.70737
0.153952
-8.15397
2.62142
5.44127
-12.5204
-22.7955
-3.12703
-26.7576
-9.14093
-14.8315
42.6298
1.82455
11.1562
28.6984
-15.1251
9.5747
-0.602718
-0.456507
-7.24188
35.2631
-12.6265
1.44908
15.4419
-15.2646
34.8934
-5.00554
2.81004
1.32478
8.64968
2.43398
33.0401
-7.09474
24.1852
31.1876
15.3795
-16.3515
32.1502
2.28822
-1.89573
52.6225
5.12507
39.8796
-30.7592
-35.3496
-25.4017
-8.67265
-9.82678
26.568
11.3329
38.5201
11.2658
30.0558
20.1791
-0.903672
4.99938
3.48969
15.2503
20.8404
-11.4979
5.91965
-23.9406
-32.2928
-14.0746
-11.5903
-21.422
23.6792
39.7931
0.285319
-5.96201
33.478
13.1849
0.830908
-3.63622
-8.51576
-10.0186
37.555
-19.9203
26.0399
-16.0392
10.2573
1.63133
-2.57188
50.7586
-6.83024
22.2039
19.054
31.2172
-6.2853
-20.6989
17.4001
0.961927
-9.38528
9.00108
-11.4718
-2.31974
13.5044
20.7691
-19.0975
47.6995
31.9936
-2.84502
3.14612
40.5692
7.43414
-1.85673
16.2292
17.557
-23.3924
21.7759
18.2518
13.7904
-51.5389
9.38889
11.0946
-2.46631
-16.3891
-5.12974
-4.8314
41.4574
20.1614
-19.9637
-0.077452
12.1427
17.7381
17.8236
-26.6894
-25.5953
25.5464
-0.821007
-0.890975
-6.34427
-7.48337
16.0863
-10.3139
14.4204
9.75948
-24.6117
20.0276
0.599057
35.1012
-13.9699
-13.0644
4.95779
13.1363
2.87696
-6.98467
47.0566
-5.87187
10.2747
51.5141
-20.466
-30.971
14.9396
26.4624
-3.05179
-2.24372
-4.91451
18.5718
17.7278
30.2877
46.5126
21.8694
10.5445
32.2405
-18.6478
25.5888
-16.5991
3.95252
32.3729
-11.3553
-3.24695
-9.219
6.68095
12.5679
-9.18307
3.83927
27.1899
14.4093
-11.6529
-7.1016
3.9884
9.70115
-11.5799
2.239
86.8195
-5.92443
23.1739
-19.0047
47.8052
-25.6422
37.8544
28.6212
6.65283
-4.46849
16.3659
-10.8576
2.78269
4.42165
-7.71718
13.3979
-29.4152
6.94272
16.8104
-14.5687
2.66982
36.5068
4.41325
47.7289
27.427
12.8705
30.2357
11.3627
17.8893
29.5512
40.8045
-14.7418
0.230891
-18.4174
48.9024
-13.8595
-6.69546
17.9161
0.948764
-17.3782
-6.8149
-8.45595
-0.454479
-57.147
-8.76538
35.3359
-4.96819
-3.0098
-13.1772
-32.6972
8.31712
-11.7174
-11.6925
-2.6688
25.3857
13.8834
10.5655
-19.9645
-10.3683
-9.14304
-1.12817
-1.51699
-20.9114
-7.52065
-15.6661
-14.7184
12.5361
-5.86328
2.76496
6.23644
-11.5866
-5.16619
26.081
-0.778134
6.78813
15.9287
8.9194
10.1126
-21.3265
4.77676
1.91467
52.4597
-20.1298
20.8715
3.90321
26.0788
1.71998
-0.949998
-12.8235
32.7889
6.45635
28.652
-12.2849
-6.53015
-4.33007
38.8091
13.9536
0.233912
28.744
-20.6226
18.25
21.5189
11.6149
-5.71039
20.58
31.0386
10.9971
-22.1283
10.9149
-0.107011
-1.36036
26.825
24.8661
-18.3417
-2.50931
-27.8527
5.20619
8.19639
-15.6252
1.25366
3.71916
21.5415
-0.675627
17.8753
28.3185
32.3809
9.67392
13.6483
26.9557
-11.8626
0.652099
8.58987
4.98923
15.9064
-34.2595
43.5489
30.0621
-5.06167
-13.9965
46.5595
-15.9192
-28.4846
10.0925
6.7145
23.9629
17.9663
4.43265
13.8569
4.59944
-41.3054
-14.5666
3.75092
-12.481
16.0023
4.45345
28.7245
32.1538
3.06163
10.2331
11.0405
39.2712
-7.2979
-3.75201
18.8095
-4.03626
-4.56971
37.5263
28.1716
19.8747
-6.28483
19.0399
20.0286
48.6727
-1.84426
-22.6069
37.8106
15.0439
-0.8875
-0.968188
-6.60867
-9.46969
-8.27422
19.8633
-6.79309
9.43505
-16.0712
20.3663
18.8237
8.21839
-0.136322
20.7254
-27.0038
-13.8432
21.7234
-23.8019
-30.086
-8.05697
-2.9345
2.46848
17.1167
-8.29057
21.8698
3.91181
18.3895
30.6598
-20.1114
26.7935
-21.18
-3.38625
25.8776
-11.522
10.2819
-17.6455
-24.7588
45.1767
-15.7486
9.91955
4.68864
3.41375
-10.2426
15.0685
30.5301
19.7952
24.3549
3.91855
-13.3605
-27.0764
-3.8713
16.3472
5.56487
28.2341
-1.49075
10.1908
-4.75038
-6.7159
40.3276
-25.3218
45.5874
25.2041
3.27305
-32.3115
11.7398
30.8127
-21.9849
23.246
20.0363
18.9612
8.17623
-16.2554
28.1629
-6.47434
-5.68181
33.6974
9.29562
1.83022
-12.2412
-10.7375
44.3625
-0.736782
-48.3272
0.38253
42.5758
-21.2095
-23.4501
-11.1538
-12.6779
-9.80638
17.1549
17.1962
-5.61573
-7.72222
4.3733
-29.1542
4.16134
8.76633
4.65546
24.5661
-13.7709
-14.1531
47.6041
-20.5768
10.4623
7.27808
17.3835
16.0281
-5.17203
-11.491
6.20949
30.2223
-16.4496
-23.3902
-8.79506
4.75928
-41.0592
12.1331
12.7278
25.3422
3.60564
-19.8321
-10.6008
13.2556
1.12133
12.6318
29.8215
-6.15999
-11.113
8.69686
51.1562
15.4958
17.0455
-16.3643
-6.27837
-10.2837
14.9009
20.6226
-18.1252
-3.86299
14.5834
0.664308
-4.975
2.42439
19.5708
33.0123
13.8383
28.7206
11.191
47.0473
-8.8711
-13.6688
-10.0606
32.8843
12.7759
11.1249
-21.0892
4.71276
-20.5205
24.8148
33.1271
10.5275
-19.0787
7.41277
21.0481
8.83668
-18.5322
14.7533
-1.20071
-6.18305
-19.8871
-30.1496
16.3544
6.17807
-17.5931
-6.76023
9.80154
-11.5711
15.6821
30.7291
-11.3064
10.3517
-37.0589
47.5794
-36.6212
17.3663
23.7805
-27.0783
39.2987
28.0783
-9.27081
30.2806
16.8018
16.2947
-20.4363
13.8136
4.87018
28.7537
14.644
7.68046
13.3253
12.0398
-0.71087
28.7869
-30.4454
11.6836
16.04
-11.0734
-17.0813
-28.0305
-6.48858
37.2163
-8.70398
0.0858405
11.4658
5.52628
4.92276
-7.62725
33.7377
18.9621
30.3145
-1.54968
21.0437
-8.87494
7.50396
15.2774
38.3352
18.1336
2.74879
-63.8804
-9.92393
-0.391623
9.70545
-0.586962
-7.83192
-21.29
27.3436
15.2953
-1.48918
12.2148
-9.40062
18.9761
-23.1762
-2.35774
-14.7504
12.2443
-0.267258
41.9784
-27.4249
10.7344
34.4314
-11.0243
-25.0687
37.82
4.51894
-12.3618
-1.76003
-32.2706
-14.0423
-3.93328
-12.7059
25.7901
11.5277
32.2211
8.72159
5.20423
-11.8225
-3.69956
-46.1
18.1057
11.2212
12.3454
-4.72848
10.9738
-5.60239
6.58761
18.2672
4.91796
-16.9994
25.646
19.9796
9.08316
23.6559
18.5814
-13.2741
29.5254
12.0229
-0.0203972
-32.5778
4.97485
-18.9636
7.67151
6.91042
14.3042
5.45644
6.27139
1.8299
2.5769
35.493
-15.8943
47.4805
-8.3162
16.7376
19.9173
28.2031
-8.71236
-19.6921
-5.50276
-12.7533
13.7416
27.5509
-28.9112
-32.7976
20.9554
2.55473
-9.28849
-23.5104
-11.1256
12.5614
-1.58981
49.4973
22.0599
-14.6208
18.4414
1.25561
18.5184
-8.30739
10.7059
23.4805
0.865823
12.0797
9.21255
24.7456
-29.1387
-9.11701
-4.41249
3.41556
10.4052
6.60097
6.05058
8.58814
29.7319
-11.1907
23.3112
-6.21477
6.99405
23.9171
-24.1213
-28.4723
11.3294
15.6816
31.0372
47.8836
46.6435
-22.3279
-9.20611
-48.3351
7.78144
8.18884
22.52
37.4435
13.7415
39.9848
-39.5554
8.35339
17.4471
23.9323
26.5634
-0.65448
-15.3553
-14.239
57.7671
-11.0619
-21.4138
-11.4362
-24.6481
-14.1981
21.9028
14.6839
34.2252
-0.231485
-10.5519
15.9582
-25.002
13.798
-18.3651
-10.6231
-25.1547
-4.2903
-28.7305
48.7144
-20.0734
30.3196
9.41435
-12.8938
27.1567
19.2543
22.3727
5.55105
-13.9438
20.8215
8.54291
-4.17007
33.4647
-11.6233
2.99544
-25.8318
-9.36721
22.5595
-0.866633
9.14793
-8.62203
8.54232
8.22928
44.9323
-5.91882
-0.76555
-45.7068
-21.1916
8.45518
21.8177
10.851
0.631632
0.820853
-15.3243
-6.60223
3.9389
1.40804
18.2186
0.885314
2.34447
-5.91752
13.8372
1.63216
16.7398
-8.1725
-27.3493
27.7275
0.8099
-3.75196
-22.8853
14.031
-15.9277
-9.9124
37.084
5.91927
19.9763
7.09515
14.854
-8.20623
4.55653
17.6279
-12.073
3.18564
13.9516
4.10328
3.60456
14.6166
-19.2502
-27.8548
34.5632
-10.312
11.7203
-12.9929
-27.3441
-0.391037
-17.0177
1.83879
31.9695
20.814
-5.57998
12.8149
38.4232
10.2163
15.1772
21.7706
-5.75696
16.275
5.47083
48.95
7.59892
12.5086
11.7199
14.4554
2.61389
22.0632
20.394
-8.63825
20.5857
-24.0028
10.3076
15.4143
-6.7286
-9.16855
37.2331
-7.55383
26.6439
-5.0415
13.8671
13.0614
-3.85448
30.9626
7.8311
-25.3053
5.35002
-51.1154
8.82923
5.14668
12.326
27.897
-22.3994
-15.4113
22.673
0.657312
-12.6771
-4.13263
10.5084
12.5876
-29.5683
19.4385
-45.2237
18.0909
17.9616
-37.9578
12.2174
26.3061
24.4221
-24.3837
21.2942
47.4677
26.8946
-29.0071
-25.5317
33.3223
-19.3771
12.9247
-10.9284
1.64389
14.2211
11.435
-9.29301
-23.636
-23.7054
-10.9065
-24.2284
-2.22757
-3.87737
22.2608
-26.5358
5.31834
20.6945
18.718
0.378325
-8.15566
6.2091
-19.8304
21.0407
-13.4558
-5.13817
10.8487
23.9214
62.5888
12.8449
-6.56916
-4.44505
3.46792
-11.7462
10.0047
4.71839
33.3144
19.3197
24.099
44.6417
5.76615
-4.90499
2.95597
2.6576
36.1562
25.334
-5.10568
25.7069
0.758664
30.3934
-16.6484
20.3001
-53.6495
27.0463
15.901
20.6893
-5.23869
17.7119
-36.3205
7.40508
2.02336
31.2145
32.358
20.6193
-8.5113
-1.84407
14.0884
-21.8113
19.9267
43.2363
13.9423
-26.794
10.3088
8.98444
17.12
26.6025
4.9333
31.3984
-17.6208
-14.0959
-15.7962
-11.3885
-4.13644
-8.06075
1.68246
-23.8339
33.0172
33.0527
-2.47632
5.83303
4.36358
28.5056
-2.27418
1.92
15.3745
22.1816
-7.45608
6.30469
-14.3596
-6.69266
-14.3785
-19.3842
25.4896
-25.2382
-23.2053
-19.9414
10.8428
13.8655
-21.3501
32.2203
29.5929
24.6068
11.3406
25.2508
-15.044
2.05634
33.0862
-2.60344
-0.205407
6.95612
15.3497
-28.5578
-0.67621
-7.49745
22.2647
5.94913
-3.97424
-9.67511
4.58379
10.6581
26.4846
-4.72723
1.17971
-13.6146
2.37413
55.4494
-10.0074
17.6042
-6.31247
34.457
-10.1922
-1.79375
13.2494
2.3853
-2.23949
10.9065
3.19515
18.8983
-10.2983
17.9031
31.1391
48.5922
14.542
16.843
-24.4171
-11.068
36.5968
-23.6181
33.3215
3.44991
3.58727
-16.5343
-32.8947
15.1235
3.36177
7.7615
29.9651
-11.0972
7.30637
0.847809
-17.288
12.613
9.66676
-35.868
-13.5471
33.5669
-36.3751
22.1801
15.6096
3.42704
26.0877
17.4271
22.8642
13.3741
24.3981
38.7641
13.6279
29.0856
31.2509
2.73386
33.2475
2.67064
13.3105
18.6663
13.0101
11.9061
6.21248
-3.67105
-11.1582
-14.721
-18.1421
-11.8452
-8.68881
31.5615
15.6697
-7.16533
17.894
22.2287
-0.135933
-4.59028
6.47988
0.779369
9.75673
-10.2329
5.26278
28.9097
-0.951797
-7.73935
-5.58184
27.5988
11.5467
-12.3297
3.7069
35.9299
-6.34386
21.172
23.9008
10.253
37.1277
14.0039
24.0129
12.8187
13.9578
-9.32349
4.46983
11.8218
33.9291
-7.80814
31.5923
27.0675
12.3391
32.1474
33.1183
-8.07424
-7.31352
5.46556
-2.28766
-25.2882
-44.0884
-1.50862
-7.2698
3.85497
25.0474
6.88394
17.5988
32.835
21.0863
28.362
7.6189
0.640757
4.88315
5.34131
27.8438
11.8799
11.7239
-11.708
0.0894641
37.1405
10.7281
16.8127
36.8485
5.24665
-16.0655
58.6147
-37.503
9.68025
11.6411
15.4069
-4.75989
-6.83713
25.1466
15.6969
-42.4158
-3.13218
7.9008
25.0048
26.8499
29.1434
17.8524
9.07619
30.7836
-14.3339
-22.5654
0.286967
20.2401
4.76954
17.5563
12.7062
11.2924
22.7086
-1.795
2.32945
0.217458
11.974
-33.6105
24.0281
29.4942
31.1629
25.4663
-20.5988
-2.76787
22.5468
14.6677
19.3159
20.6706
-14.8234
-20.6444
-18.975
5.41504
-4.37561
-1.86968
19.7769
65.0924
-4.29336
36.5984
-28.868
48.2783
-29.4137
-4.19681
-2.63174
-16.7866
-1.26704
0.671947
23.0515
-31.9999
-24.6148
10.4346
-15.4927
-17.6902
49.4224
25.5179
-0.622223
8.74803
39.7973
1.88902
-15.6177
31.4304
5.59313
23.981
4.41789
28.8126
-5.42861
11.3127
-22.8499
-7.15336
24.427
-5.00628
29.6093
5.80886
10.7672
13.3518
-9.80707
-29.9976
-4.35472
-20.3167
-37.0435
-8.30466
-16.502
35.2615
-13.8604
0.501274
14.5613
21.5412
15.6107
11.4802
-31.0349
0.526523
3.61371
3.67915
-8.23523
3.35155
-11.6604
8.87723
-8.72797
-23.6942
-22.772
9.13691
-6.08263
-3.43299
16.889
29.832
-1.33931
17.5585
8.76489
42.9684
-8.88478
-20.5566
-4.91494
-1.43895
-27.7434
23.8249
-14.7043
11.5456
-14.9355
-7.41113
16.3264
1.55173
15.2704
-62.1825
-30.0133
8.81836
1.94587
51.4991
19.2365
-9.16069
35.9217
-12.9586
37.0797
15.9299
7.82713
7.80026
-22.5057
-31.6319
21.8247
32.6795
-0.190952
-0.452141
-15.1166
4.31051
32.1888
5.09434
12.5226
3.87779
20.4452
-26.7162
38.2212
-7.52796
-39.5498
17.7547
-2.34342
16.1094
5.50253
0.98271
34.7711
14.0516
-13.7561
34.8183
-10.3745
9.87622
-30.2609
-0.412704
33.167
-16.9155
-16.8493
22.0582
-16.7288
-22.5898
-43.4452
13.5327
-22.5228
-36.5935
36.4828
20.6194
53.2656
-1.72706
-35.8604
-1.5573
15.4311
0.542467
37.2489
30.6619
-11.3514
5.28588
15.0038
3.55922
15.5992
23.7432
4.39363
-2.71287
-7.70162
36.0483
-34.5564
18.8291
3.52409
-19.9681
-33.2043
-8.76087
0.53821
21.5217
44.7763
-2.1117
20.0786
0.290783
-10.0303
3.4735
15.6342
-4.59208
0.235242
-1.76656
13.5766
41.1816
-19.8224
-31.5902
-54.8402
-15.4274
5.46043
-0.655829
31.4121
16.74
15.7457
11.7074
9.78383
13.4581
0.893792
42.6752
20.6052
-13.3942
-4.33385
0.164037
3.38385
5.35813
-0.297483
-1.9
15.9999
29.0909
0.769387
6.57709
3.25093
32.1935
-6.23788
-22.2139
-3.68762
-7.70392
-19.4488
-8.20037
-1.74418
-26.4643
-1.75398
17.2095
7.36821
-13.7989
28.0292
-8.27226
-40.8942
-0.877343
4.20844
-20.7899
44.5273
-11.1723
4.69182
-36.5318
15.3797
40.1482
24.1731
24.9826
29.798
19.7693
3.01926
-5.03361
-42.8222
24.5785
8.74816
4.38384
6.87309
33.8341
-5.99128
-24.0555
-11.3059
24.4936
17.3251
22.4291
-3.92388
20.7362
-6.55397
14.4557
23.6373
21.0029
-7.23003
19.6098
13.6256
3.81516
-1.74077
-11.3045
28.5125
8.0727
7.60826
-2.34386
28.3574
0.298454
46.5717
-37.1491
-4.41653
-5.03875
16.6368
-2.37063
-1.21935
9.45356
-11.6065
2.17693
-14.2381
17.7676
-7.96923
20.171
-12.3406
21.7096
12.7718
23.1134
13.5966
-41.4733
-7.80935
-11.5125
16.9196
-7.05346
14.6762
-0.621856
-7.99934
-43.1959
-4.89308
-0.440074
13.006
-29.1489
26.2123
17.3378
21.7613
-6.08542
-33.2451
22.5227
-4.2148
-31.3886
45.1322
-18.3956
20.3473
-0.735981
30.2779
21.7133
-5.96903
12.1626
-26.3807
29.9969
-5.61913
-10.6241
-11.0281
21.3429
-16.3552
-19.7761
-1.1323
8.96791
16.0138
27.7689
-2.24886
2.83346
0.467547
18.8023
-21.4439
49.2225
-32.9024
20.4805
24.8086
0.172456
-7.56138
6.02415
-5.27987
14.7865
-19.5424
-8.98609
2.51476
-0.462017
-21.93
-2.8631
7.99757
19.2443
15.4075
19.2278
-18.1831
-29.0236
-22.0644
11.5951
8.18825
-6.09835
-12.6815
4.13174
-19.5952
23.6665
-19.5578
20.5684
56.3313
-3.60115
-10.9854
35.7949
-43.4902
4.27951
12.8439
2.46094
-0.349804
-39.0589
-4.91437
-16.6151
-42.7074
-31.7487
-12.0453
8.49612
26.147
-1.01298
24.7141
12.9679
-33.7454
-10.5933
39.3154
14.9939
3.00555
9.46725
-42.7651
0.605524
5.49062
54.7272
16.0415
-33.6384
14.2928
19.1966
-8.64238
0.533745
13.8133
16.1818
-14.4798
-11.4768
-7.53577
-2.76403
4.58477
61.189
-27.0428
30.0744
24.8993
-9.61833
35.1298
2.36472
32.2915
-10.5231
-32.9865
10.87
-26.6289
15.299
-23.5762
21.5619
-13.4492
8.64998
-14.208
10.6816
35.3049
-1.02391
11.2608
-5.86763
3.20021
17.613
-11.5849
-0.353647
-16.4087
-8.21825
-1.39655
-6.66863
-1.34543
15.1054
-11.2801
41.4719
-1.44975
-15.2029
-25.9065
41.0149
-31.8181
45.9493
-20.4103
29.4889
2.23736
5.26552
13.0441
1.5355
-19.8206
7.57516
22.2277
5.33234
-14.5596
-2.305
18.9218
14.2723
-13.1305
-26.8849
1.49858
-19.7517
-13.4479
-19.7629
47.9411
-7.34722
25.9908
6.34378
-21.7631
4.62516
24.2787
-6.3047
-3.25652
-20.5113
17.3219
-10.2861
19.6628
20.8594
9.60679
-29.0604
17.5782
-38.7435
17.0491
10.339
8.89788
6.90423
15.3332
8.197
14.6412
6.81392
-27.6726
16.868
-2.30594
-10.7437
20.9457
55.604
9.98142
25.5298
15.1028
1.78618
-1.40665
30.354
-28.2745
-14.5158
2.54342
-13.4521
-19.2215
-53.3559
-24.5801
30.9187
8.4417
-10.7194
4.73338
16.2876
41.859
18.6962
5.88103
4.6484
20.0634
22.5888
54.5748
-2.41274
-25.9192
0.556201
15.6758
-36.675
29.9978
20.5522
-7.31057
7.20579
26.1989
42.0845
19.8475
13.9112
13.9336
29.2404
6.81094
1.85821
-6.57291
-0.856304
-29.4698
34.4591
33.7581
14.204
25.7771
-21.6821
-32.3521
-4.0116
-4.33699
-19.0412
2.73046
-4.93033
23.8498
10.1782
0.65719
2.26602
1.60878
1.61612
8.40297
36.6474
15.6615
9.2637
-11.9076
-3.83256
11.8811
20.6772
21.0978
-10.3419
-15.6043
48.0054
-1.98928
11.587
48.1514
-5.76133
-3.8477
-21.728
34.0424
5.53505
-11.0945
11.6104
-8.71818
-9.83207
1.29693
41.4194
60.4162
-2.91237
26.2071
7.39319
15.7715
-6.57373
30.5296
22.898
-11.2746
-27.2254
6.13013
-35.1957
43.5072
34.1356
-12.2232
-3.00286
-4.35499
-4.97606
12.1266
8.13915
-2.89831
-23.9037
-16.371
-19.3518
-13.0451
0.958713
3.96202
-8.18236
17.9713
-8.75619
19.1916
27.3572
13.4813
0.957848
7.13705
31.0706
-40.6123
4.82091
10.2665
-3.41332
-15.8724
1.796
-31.7482
-15.5403
-27.1546
-15.617
33.2401
37.7407
4.95933
6.82841
-11.6346
15.7487
-7.56276
-24.8843
52.9597
-24.1324
-10.1991
-9.83922
-20.4426
22.6149
-8.8262
18.0463
19.3381
22.675
15.5099
-10.7116
42.5294
18.2762
1.02318
9.92374
24.579
-29.7387
-2.93401
-17.9839
31.4146
-20.3845
-5.69166
22.0945
-40.4861
1.40654
46.2153
3.53386
20.2973
-53.2414
-14.1995
-7.48111
7.08051
-15.1966
17.6821
-17.0686
-7.54765
-21.9193
28.904
-17.1544
42.9624
-0.870951
12.8792
-20.099
28.7366
5.34161
21.3694
6.57351
21.2279
-18.7499
11.6667
18.371
6.8284
2.27333
-8.88279
31.9153
10.5843
-6.37189
-0.961285
-16.852
-25.2595
19.5088
-40.8934
13.3924
40.1048
0.859731
21.4532
-29.9571
-3.2154
-10.6207
24.5457
19.3448
8.23749
24.6513
7.13794
31.0189
8.2302
-15.738
-19.2936
20.4875
4.3973
-5.71318
6.46254
-22.4642
-8.27958
-9.75885
7.92726
8.67411
13.9913
14.8899
7.61178
22.1816
21.9411
53.5082
1.29864
-6.26148
22.172
-24.9183
25.4373
30.2851
-4.57848
-40.0709
41.1541
39.6109
19.7763
-5.04786
2.0191
24.057
48.53
13.3658
14.8954
7.41741
-19.1553
2.92245
-27.0583
30.369
-20.4813
-13.3968
26.9884
33.7472
-5.73362
18.5003
-18.0333
15.737
10.0729
1.44529
44.3949
25.3021
4.23905
-11.0915
18.7756
-26.4566
-0.146435
61.7266
-18.3026
28.4578
-19.4727
13.4265
-31.9679
24.0068
16.8187
-8.66768
-10.3862
-1.12193
16.3915
-36.5004
-4.56062
21.6639
-42.5679
21.2125
5.72059
-32.5371
9.89823
-10.6127
11.6041
18.985
58.4641
13.6973
12.0173
6.24385
-4.88336
-23.8706
2.26745
33.3719
11.7609
-30.9887
33.0122
24.7252
12.5716
-27.5163
11.8304
22.6798
6.23985
-21.2111
6.46046
3.47923
-3.65532
-8.10734
20.8519
-30.7003
1.45898
17.8951
28.9223
-9.33112
-25.5546
23.3293
-9.90421
-4.7068
17.8214
0.455293
-8.29078
1.14232
-30.8247
15.2613
-7.12682
-0.9953
14.762
0.77838
4.35309
-7.54013
10.6864
21.0568
11.5092
0.278535
18.7662
24.339
4.94704
-4.57345
-7.25511
31.6192
14.3718
29.4501
29.2916
20.798
4.45782
32.8694
11.5536
-19.2772
-0.542346
-17.552
-33.1449
9.85998
31.1095
-19.7301
-24.3716
12.2798
-58.6677
-2.02599
8.22983
6.79132
26.3923
-13.0919
17.4205
-29.1356
-15.5948
9.82632
47.0447
-29.6589
-12.184
25.8921
40.8629
20.2253
4.64175
33.6549
-9.83865
6.88753
2.60119
5.40111
-2.22201
16.3636
19.9669
-16.7649
30.3528
-8.16955
-4.16095
-3.16492
-17.2689
-6.18929
-0.524285
22.6828
-2.27094
26.3124
-5.03123
-24.5407
12.894
-31.4836
4.85673
13.1344
-7.20017
9.71707
-6.54549
-14.8783
-10.5928
-1.36545
-31.3175
18.2709
9.27911
13.0601
3.13154
1.95558
15.3847
11.1673
-24.6016
12.9298
-6.71536
6.60651
3.42219
23.7404
-3.42785
18.1499
12.5447
-7.28206
19.4375
3.23863
33.2085
26.9684
41.3069
13.8278
13.908
-39.931
-4.13741
-7.78527
33.7205
20.3356
7.52848
-3.37557
11.4584
10.8162
-13.0066
28.532
13.8234
-2.72956
-1.05635
-12.6131
11.4805
-10.7805
-2.25699
8.72013
19.7885
27.8011
-2.43652
-0.981827
-16.2785
2.72862
-21.8293
-26.6726
-4.64173
36.1216
6.86619
-14.2165
26.6263
-18.1228
6.94742
-4.30178
31.69
11.8138
9.33263
25.2622
-6.86065
-0.791184
15.9703
4.06632
-16.8633
7.25389
13.4601
29.3319
-26.4076
39.6741
17.6337
7.63359
23.3797
-5.09061
-4.55556
22.8475
1.46156
12.2888
-5.83012
-8.81027
-9.42232
-21.3789
-1.5753
7.06788
11.8075
-5.65904
-2.81817
35.7132
0.507514
8.63717
16.5639
-10.9839
6.5146
1.11129
9.2645
-14.1658
-11.0448
-24.0428
21.6891
-1.84322
21.8101
13.3353
3.32484
-2.94736
10.3967
2.20616
16.504
-25.973
-3.38719
14.6854
17.5827
12.6766
-1.54989
45.8698
0.596527
27.5553
19.1924
-0.401496
15.9918
-15.2194
-14.2281
26.7474
18.5386
9.295
21.1207
18.8283
-4.67235
5.26801
16.5773
8.77751
14.293
-19.9464
22.2216
13.5575
-18.0846
-18.618
-28.9807
-2.74005
25.5051
15.0961
34.505
23.4771
11.5135
32.6484
0.443516
-2.24211
-8.57734
-4.38232
-31.2521
-9.95692
-13.6335
23.3312
3.54816
61.3151
12.5716
46.5915
-0.298032
-10.7767
-11.7626
28.2525
1.71228
7.16735
25.2502
9.95546
-4.37511
8.73464
-0.96736
0.686662
-22.1783
-7.3624
41.9598
-31.1798
-7.88359
6.81231
-20.2949
-4.38718
0.222013
-33.0609
-27.6993
53.0562
3.19232
28.4531
21.2304
-24.3717
9.1354
-16.8066
-12.1295
16.2011
-3.13439
45.8143
13.8487
-1.14955
16.0572
-20.4023
12.4878
22.6043
16.779
-16.9588
17.4045
-14.2901
56.2076
-30.8701
7.42129
8.44303
29.7151
-1.24306
23.1797
31.5395
11.3563
30.2449
-23.3876
37.2193
16.4425
16.9951
-5.33242
63.7469
-17.7624
-22.3248
18.3782
-4.51806
-8.08647
-54.8875
0.675565
-2.14067
-16.7336
-27.9549
19.9
10.9524
15.8191
4.10641
-22.5203
9.4763
20.6378
41.7273
18.9936
44.0836
25.2521
-13.2311
28.075
4.23483
24.6096
7.06213
-21.8834
39.3804
12.4274
20.5456
13.8763
8.53191
-8.08284
6.26462
15.6888
12.4569
26.1631
34.1706
35.0151
-8.88163
2.76987
10.8285
4.38687
47.3302
-7.89274
-10.1711
43.7825
12.4252
-12.3106
3.04908
-16.9973
-20.8569
-6.477
-20.6343
42.1682
6.97955
-10.413
17.494
18.0957
0.783011
13.618
-24.218
-2.31382
30.2166
-15.7322
-9.48688
17.3545
-19.0654
-6.24254
25.6566
23.0334
19.9999
-1.81151
30.6962
14.1816
31.2634
-6.63396
25.9552
17.0759
0.0564959
-58.0621
3.15029
22.2675
9.77389
13.5625
8.50609
7.1009
19.4643
10.3195
-10.2004
-36.8754
-11.0532
-30.3438
34.0126
-21.0555
-6.36188
-0.0519202
14.3981
5.81867
3.3227
-20.8904
23.85
-13.3443
14.469
14.692
64.2062
5.38797
12.8377
-6.67085
-24.4919
8.94648
20.8465
-12.9997
20.427
-7.05277
-16.8155
1.85208
21.1837
11.7009
26.3981
6.50746
-27.5108
30.0815
-9.57998
42.7295
-4.02281
-34.627
8.60704
-36.822
6.41312
9.80477
-16.2645
-32.8331
-14.793
-11.0753
-2.49619
22.2135
-0.89104
11.9925
2.45079
-24.5366
-8.74501
-6.59321
32.4077
19.3355
-7.42977
15.6041
-1.78078
6.70937
-7.96959
8.32017
-22.9287
15.8925
12.7351
-24.1348
22.054
27.2583
-2.67683
51.7269
-26.0666
9.28829
-30.0454
3.54808
4.34719
21.3582
22.7505
10.2266
-3.77028
5.40453
11.7132
3.51802
15.8137
14.3895
19.8639
20.5025
-19.7573
-18.9758
15.5692
26.1372
5.26253
16.4277
26.3192
22.593
-6.66809
18.7518
10.2867
-4.9728
13.8175
1.52589
41.082
22.8298
-9.40079
-20.2414
-20.8891
49.1165
-25.9517
36.7645
-15.4721
1.24812
9.32873
-18.2267
-5.33084
-6.22119
35.8612
-6.26187
0.774435
13.3043
65.6652
9.30474
0.744663
26.8454
2.32184
3.30416
-7.17965
-42.2686
30.3256
7.24227
2.74706
-2.74402
37.5465
-15.4407
-9.41892
5.9512
-27.8919
6.56941
4.47308
32.9742
-6.42424
24.1196
5.6831
14.7703
15.7876
15.3535
25.4605
47.0014
-7.77986
19.4624
20.4138
-36.2037
-13.3241
19.2379
0.657999
-20.5394
30.9565
12.2791
-12.8277
-49.6796
5.76933
3.01774
24.7359
-3.83165
33.3408
13.2966
-51.462
27.8463
-2.87205
52.6987
7.83421
-1.08447
10.1933
10.2415
-2.93727
-13.3196
11.6563
24.3102
2.34294
34.7397
-27.5526
-19.1231
22.5678
18.9282
-0.0265419
11.5106
5.75591
-7.79614
-4.55974
1.04036
-6.95885
17.014
24.1738
-8.84574
11.4686
21.4292
-15.5909
9.41378
27.9151
10.0324
21.0506
6.60171
19.2307
-10.7092
-35.1328
-30.7634
16.7003
5.76972
6.32786
36.7557
-18.6533
-4.13863
28.872
-16.2619
16.964
-3.76508
-17.4932
34.2816
-47.7347
19.9224
23.9823
21.5152
31.4134
9.95581
-22.9163
-7.01265
10.2116
25.1655
-11.9887
0.195709
7.05005
23.8713
32.8409
-11.1332
4.69749
-0.302285
54.06
8.5696
-3.65955
20.1863
-22.8674
-8.64957
-1.35352
-9.93727
32.2728
25.0152
36.5995
-10.9467
13.9119
-64.2214
4.57521
-9.59703
15.5061
-2.18256
16.2435
-0.177159
-34.4995
18.8522
-8.44741
-25.7656
-23.9576
-28.9364
-8.03396
-2.13902
30.8765
-21.2542
9.76245
-18.0317
-1.70157
7.97051
6.52373
28.8882
4.92468
-9.12178
14.9847
8.97002
-5.76469
-26.7183
3.08437
-11.7792
-44.1789
-8.71237
33.2985
-16.8428
21.4709
37.3725
-11.6369
5.59702
20.8104
11.8343
32.1294
15.9848
-30.8384
-4.17543
27.5358
17.6111
30.5795
13.9271
-3.48285
-7.62561
-25.747
-14.6652
-18.1465
0.787222
-21.1574
23.611
-9.89833
-6.49722
-17.2164
-20.1295
-23.6098
-0.00556329
39.5925
-8.19435
-12.0789
-3.3672
15.4549
8.08941
29.6238
13.863
-23.4834
-4.00227
28.7801
18.4453
35.9972
44.0809
-29.0752
2.605
-31.1694
-28.1993
-8.53936
45.4194
-4.17473
20.1215
21.3433
5.53462
17.9172
37.0084
-10.7409
-0.166494
-6.10319
-6.32351
2.46331
0.530117
15.5289
48.8166
-12.3311
12.7423
35.5669
-0.853658
-10.7735
25.163
-34.4936
30.7254
36.3504
-2.51495
5.70868
-12.2645
-14.3982
34.806
-6.82012
-4.77328
11.3011
9.82906
26.0318
-0.265846
13.4668
-8.58772
33.0058
19.2612
21.8815
-9.46425
18.8995
-3.50626
18.883
3.29647
21.2759
-4.48422
-17.16
33.1454
-10.0052
25.1708
-15.6251
3.18585
9.84434
35.7252
-11.1321
47.0573
2.10366
25.3025
29.5816
21.6036
11.497
-11.473
45.4163
17.1424
-0.524178
1.36105
26.6176
17.0501
2.22542
6.82006
0.326671
-18.3231
12.1588
-14.5653
12.6012
-12.8465
14.8714
-35.6891
42.1587
31.2568
1.31673
3.1688
21.2897
6.37177
-6.41402
17.1683
26.0023
5.69444
4.58173
5.82381
0.410588
40.5849
-9.80754
15.3729
20.6844
-8.05832
19.1678
10.0447
-44.6442
19.5192
-5.491
2.47968
26.4975
-16.5273
38.5535
2.84755
17.0272
13.0317
-3.00581
-4.82835
-33.6533
21.2504
-19.8818
-3.32678
-2.84538
38.0838
-0.122296
18.0135
-17.5897
11.6574
-14.5778
16.2752
33.1718
-12.0453
28.4154
19.847
-2.14337
40.3578
4.06061
-17.8267
17.4287
28.4656
-8.93931
30.0173
-30.8953
20.2607
19.4935
-7.24791
-9.22355
-8.63643
6.94534
7.20861
22.6653
27.4926
22.0849
-7.74428
-14.5864
-7.62805
5.92852
-21.4309
36.6528
19.2652
-11.0161
-2.53396
-20.3347
24.7654
43.7974
42.5494
12.145
49.7225
7.93422
11.5332
21.6168
-0.864198
12.8091
-9.61067
7.30565
6.11127
-8.11006
3.13501
0.870382
-3.50246
11.1031
-19.7406
1.07913
20.0648
17.3788
-28.6919
1.41934
-16.2633
3.19793
36.6106
24.1134
-20.8727
15.4937
21.4713
-0.215911
22.5148
-29.3857
5.36098
23.0922
3.88547
34.3442
42.8587
38.3708
20.1775
0.16146
-3.45091
20.915
-4.50734
-7.28792
-6.06183
1.35601
15.7541
-7.96349
11.8645
11.3636
-16.5367
-31.0681
3.39414
25.2136
16.7413
-30.9745
27.5437
-11.4409
29.9767
-28.9569
-4.88919
0.610992
-33.3666
7.1778
9.6453
15.982
-17.029
-3.83953
-33.1903
36.0065
7.08992
14.9465
10.3432
11.6284
20.9051
32.2925
-53.9797
1.96635
-36.4952
-44.2045
16.3999
25.5264
-19.4754
-1.80649
33.894
7.20451
11.3035
63.0734
-38.0478
-21.3174
-16.1368
1.80225
-3.00953
13.2021
38.2639
22.1704
25.6937
-0.136508
23.6258
6.18296
28.5576
-2.07078
-16.9635
-0.0240985
-1.25913
-13.9319
10.7306
0.575305
-1.44957
3.3702
27.68
0.467137
-15.063
0.0809967
4.53264
-9.96539
10.9583
-1.48569
37.7069
3.81753
29.5616
0.242208
16.6555
16.6901
7.75041
-16.649
26.2059
10.3356
-2.03122
15.2338
20.7466
10.6232
-2.80956
14.5817
23.5223
-24.5544
-17.5753
-3.21304
-5.02395
28.3537
25.7978
-26.4
49.1719
18.063
11.0897
21.1711
17.2746
20.7007
-19.1537
-17.2214
40.2183
7.97415
33.6729
36.9063
43.214
49.5574
8.58898
5.06968
-9.07175
-17.4065
3.65542
-4.85308
19.6997
9.01418
4.5769
15.1868
7.91258
21.3275
-13.5122
15.8846
26.831
27.7819
2.53468
43.4743
-29.7936
23.8231
-16.8441
30.4636
4.77799
-1.82692
21.787
-1.29298
7.37242
-29.7086
25.23
-19.2979
4.10966
32.8888
3.58952
-13.2899
3.02134
1.45708
12.8833
11.6312
5.10587
-6.44668
22.9477
-32.9321
-8.00562
9.70393
-3.18976
-13.1601
48.649
-23.4033
22.7549
11.5942
-10.6236
-4.41328
-0.0915133
-5.30674
2.76865
-3.72785
-8.25002
-13.9251
13.9912
31.4259
10.8594
-2.58184
-5.87147
-19.5467
-35.749
42.3061
16.6304
10.7564
42.0602
12.6932
6.12042
-2.45403
-27.055
31.9076
45.3087
18.3809
24.044
-41.8038
49.3317
-7.19436
-28.5532
7.25546
-22.6439
33.6796
-5.96717
6.23786
9.30739
-6.70294
1.37583
17.7388
12.8163
2.51415
-6.26474
-26.9347
37.6999
2.84832
-45.3228
16.5963
11.5219
-4.37763
-16.4527
-8.70735
11.0797
16.501
16.0527
-10.9965
-7.43224
23.7128
25.496
23.9843
20.9783
30.4485
-1.29911
3.1453
1.09781
6.01963
-31.1197
23.1899
13.6104
22.8087
33.8032
26.3148
13.8271
4.19629
20.4294
19.6988
-1.15071
-18.0621
46.98
12.607
36.1514
-10.4307
31.6069
27.6131
4.26916
10.2216
-2.98039
22.4404
6.48827
3.09427
44.1501
23.3624
17.5794
-68.1572
-12.9376
-20.3731
1.29342
-3.41342
44.1297
6.44978
10.5911
26.3611
-18.1042
33.5899
-3.94845
45.6102
10.8709
3.44307
0.861379
-16.8945
5.06799
-8.88997
10.0646
-11.504
40.8903
13.9759
19.5055
20.0593
31.5406
-2.53226
36.3959
12.2796
6.968
3.00884
8.27105
-47.6298
1.27503
24.366
1.67622
-12.2819
-23.5018
11.6063
-0.0531647
5.32865
-18.7398
35.7959
6.70625
-29.6824
-12.1888
11.8112
5.44415
12.7528
0.0236115
32.3593
34.9878
0.804722
-25.0698
-20.3184
-0.396865
-1.44197
29.2069
15.211
-15.514
6.24152
34.7527
14.9753
-27.0857
-6.92398
28.4254
30.5203
23.6381
-17.1855
-35.0798
25.4161
0.0470876
-7.70006
11.6275
37.4612
-22.9076
-18.6622
16.3327
59.1746
11.5035
-21.6767
-28.4143
-20.1838
7.02891
-1.61151
-0.985145
19.357
-12.838
-4.94432
28.1075
17.8871
11.989
-30.2084
-29.9249
40.2029
28.1229
-1.88196
14.8271
25.7074
-18.0165
14.208
-31.0992
8.81733
31.1955
9.19628
-5.00547
20.4886
27.4557
6.5807
4.79753
3.63783
-13.4002
23.9876
-3.65694
-9.2244
6.31612
10.3302
26.1427
23.3079
13.2724
-9.2878
-6.66927
24.4498
-23.6662
20.1187
28.0651
-22.4948
42.0487
35.4491
-2.71671
-12.7096
-22.2433
-44.7218
30.049
-13.3305
4.04379
9.39185
34.4013
14.8593
10.8027
-3.43119
2.41122
0.0875425
-1.44034
-6.82283
22.919
26.2656
-26.6976
-12.783
-27.809
32.7512
-0.364033
-7.52379
-10.325
6.75108
28.8395
-0.762568
3.96955
2.98774
34.2072
10.7719
2.90956
-7.99966
-5.50258
34.4288
4.85458
-14.6427
-10.3324
-38.188
-26.1714
3.41559
-11.5789
5.25028
-19.6336
6.84185
4.37604
7.27147
16.1007
-8.90883
-7.29858
-0.768849
-0.00298458
11.7429
-23.2291
9.36136
-11.2457
11.8697
-15.5709
19.723
1.47282
11.0623
12.6626
30.3296
24.1623
5.10855
9.80953
-26.4485
4.25833
41.3698
35.1358
0.973911
-18.4533
18.7555
-16.7302
-20.4094
24.6096
1.43275
8.91319
-7.85259
23.3387
16.8654
-11.3257
22.7936
2.09584
-31.7624
9.25499
37.1248
-11.7614
-12.9046
12.086
-11.9314
8.79784
31.7086
8.84555
-4.98581
41.7335
-15.3312
24.6025
5.27689
-19.9786
15.8656
9.09657
-19.9889
49.7136
7.30728
18.7595
12.5167
9.58724
16.9298
9.16888
6.33381
-2.72076
16.3926
16.6683
17.0069
24.2218
-8.1278
-22.7411
52.1072
6.86062
-0.925569
17.0578
0.752007
-19.0991
-28.6581
11.818
25.9933
-27.0915
17.0014
-6.6699
-7.85291
18.6296
36.8664
-0.961265
-15.8581
15.3681
20.0011
4.42737
7.64023
-5.68978
6.51323
-13.8438
-5.6881
4.49749
-1.12492
-31.668
9.35234
-6.98573
-14.8892
-10.2785
4.07911
9.83345
26.4357
1.37959
-4.76289
33.2977
34.028
-39.364
11.1882
5.00131
26.4264
31.8031
63.5338
4.43969
-22.0965
-12.7136
29.6706
-9.0865
-13.8686
-2.80103
-16.0153
-19.1481
-21.0616
-38.8097
0.678268
-4.26558
-3.99721
-8.5327
5.45068
-10.2513
-6.50066
-50.6176
-15.5727
-9.09368
-19.8928
22.2051
-16.1341
36.9147
1.76143
-27.7345
5.9762
6.9949
2.39599
-1.02189
11.6603
8.32522
2.39601
6.34104
-8.37439
22.0612
27.4782
-9.30231
8.17173
-18.9241
4.61916
31.4448
-4.762
16.3538
-3.3954
58.7439
-33.2939
35.3315
-28.8832
9.32767
2.28775
-0.13225
-17.5677
3.73414
32.6782
11.1581
6.98518
-4.4732
23.0337
-1.32204
37.2517
33.4253
-37.5544
-11.4187
14.4742
19.6471
-14.9071
5.27094
-3.93708
2.83144
-14.2453
20.7339
-18.8538
16.0064
32.0746
10.7089
19.8795
-6.83254
28.2647
-2.38354
8.57319
10.7906
-5.39323
4.23974
-12.3746
16.3113
-10.9003
19.926
-2.16842
30.8458
1.38832
30.8385
-11.0664
19.8967
1.76649
5.84677
-6.46494
-4.07317
-23.8714
26.3502
7.90401
-10.7019
13.2256
7.51672
19.1117
-32.5494
-18.9622
5.47575
-15.7803
-31.944
-0.841234
-11.9737
24.2947
2.34339
19.3767
2.1647
-16.3388
7.33688
5.4392
20.4451
19.3798
1.75361
50.6615
34.36
6.16005
32.9889
18.3271
0.296076
-43.9562
-7.76998
-20.4971
-3.16703
18.3087
-21.5064
-25.0415
20.6396
-26.7535
11.3753
17.7028
11.0695
-2.06259
-1.602
-10.9379
20.314
9.27436
-11.2104
6.3712
-39.1423
-10.4207
-8.29843
-3.89752
-4.71596
-28.0927
17.4406
48.5048
6.83665
-18.7467
-11.0378
2.09172
43.4415
8.42529
2.02997
4.61457
-3.09295
27.7118
1.93634
12.6511
-6.21376
7.46188
-35.6068
-24.4733
-29.5141
35.4781
-20.7393
-32.6722
-12.7004
3.65494
13.9374
-3.13135
-16.6847
-33.5765
-28.6409
2.75881
-1.70243
-2.01716
27.7084
19.0963
-10.8822
-24.0915
11.8047
5.54968
23.1931
-43.3475
22.2977
-7.71381
-13.8653
15.7088
30.5229
0.401091
-1.80261
39.329
24.6659
12.6029
-0.286907
-7.61627
34.3312
-7.34206
15.667
30.6065
20.0767
15.0893
30.7434
42.2741
29.7045
-28.2457
-20.6433
-22.5177
24.0353
-6.40252
22.6173
13.3843
4.63815
9.57784
-47.9879
9.6137
-13.1153
13.8638
-12.749
-28.8763
29.5438
-27.9989
-25.7485
17.5281
-23.9578
43.9087
4.25596
26.6909
-57.3493
18.0573
-3.62969
15.4296
40.6363
-11.254
3.14573
-21.3115
-8.8554
-19.7647
-27.6006
12.9904
-20.3079
10.607
21.3821
33.4648
-8.40561
17.4777
13.8944
-8.30201
18.4486
-17.1142
42.0933
-12.807
16.5061
17.4209
7.49515
15.1563
-4.96912
-6.97283
8.59711
17.0036
30.1716
-15.5905
0.703322
39.6446
31.0193
13.3657
37.6479
-8.38325
-43.2292
8.32611
-3.00478
-4.41401
17.2265
6.78445
-3.99341
31.4324
5.77357
10.5301
17.7972
32.1266
40.5908
1.98882
10.5246
-3.72403
5.20383
-8.22894
25.8846
6.24083
27.0821
18.0855
18.4447
2.70503
-0.547748
8.54228
-7.07756
14.181
26.3491
9.12559
-25.5018
-16.3508
10.4411
1.8426
21.2645
-4.68202
13.1825
9.05748
43.9684
-7.3747
23.5308
11.0533
-18.753
-18.2163
-7.08708
15.0146
27.9662
-7.24411
-12.1414
-1.96292
-2.11279
4.13839
-2.00782
39.0559
9.93887
-3.67991
42.0755
43.2671
-17.3735
-11.4707
-9.1555
-8.36787
15.8338
8.81312
42.6382
-11.6025
-3.62696
-43.137
23.6954
24.3183
-20.268
39.5161
-19.4659
-35.6272
-15.6441
6.43101
16.0678
9.25513
34.589
9.12542
-9.33925
29.9715
25.7883
-21.3525
4.18861
-12.2461
16.8595
45.742
-20.9706
2.01216
-26.5819
-8.8715
-1.56147
-5.61674
32.3204
25.7317
29.2572
25.0599
-8.80203
13.9905
18.417
17.8201
21.1917
13.4596
9.99056
-6.26565
16.7638
-4.21222
-14.2714
-36.6525
-26.967
47.3936
1.37104
-17.0304
-10.5571
-1.42882
-15.7519
5.04763
9.0351
-1.32485
19.0785
0.35017
17.7443
30.6112
-1.21032
30.1553
34.4398
-7.73534
23.1098
2.67705
3.37538
29.6353
13.8095
15.7978
3.00493
22.51
22.609
-18.8459
-1.10282
18.3885
22.4467
-19.4633
18.0221
18.6678
15.4463
3.85145
-24.3648
19.3889
31.6206
-13.9591
34.0778
-0.348782
-3.1812
23.9999
16.3619
-3.78676
11.9849
-17.3414
1.79478
8.30584
-18.5659
13.5565
-6.32141
-9.47377
4.31319
8.90054
50.1864
5.48839
-9.18939
-13.7886
21.0731
-13.8831
8.40349
26.639
4.04146
25.6157
-10.0505
38.4186
22.0613
36.1652
27.1714
23.2345
2.59469
-32.0895
-14.5503
45.3403
21.7891
35.3419
-5.46119
2.4394
16.7909
33.5399
31.3098
-29.1124
-5.92436
10.123
24.6853
-24.102
9.07654
-25.5602
-16.1614
41.7238
45.0149
4.05332
6.27637
-3.18255
39.0411
4.67774
-39.3144
23.3347
-15.6689
20.5652
5.39326
-1.13366
30.7941
-9.35585
16.4914
9.31108
-18.5306
10.9676
-15.1309
18.2308
7.28403
0.988958
3.87007
-5.62239
-24.7474
13.8647
7.26453
-31.0147
20.8557
28.8606
-9.17384
65.9178
22.0203
-19.5384
0.73966
26.2567
-37.0973
-16.0595
15.7327
4.07884
9.67148
2.17934
33.8056
-7.8449
-5.2405
1.32601
43.6852
-26.5305
6.80524
13.1652
9.59547
49.9754
6.88753
-0.311293
-38.1762
-4.21755
36.2561
26.6476
-4.05432
42.7534
-6.00454
8.00033
49.8605
-10.4
-3.57498
9.96942
-43.0416
17.1189
-4.55663
13.3374
22.3714
17.8999
-18.3324
10.4864
44.9871
3.15901
-18.7853
-19.9404
0.396944
-11.0758
-25.5862
11.0471
6.95087
-17.6638
8.63436
-0.0509178
-11.4455
-41.2355
17.7697
-2.17165
-6.1758
-26.4382
22.1704
62.6584
-7.93402
40.738
28.4804
25.3438
13.776
-4.68211
-8.25011
10.5116
1.26197
-14.9584
15.0832
17.1525
24.2846
23.6155
4.62841
48.8286
-12.3312
-21.1307
-1.83788
7.64366
-7.47574
-3.63517
26.241
-3.43623
35.5102
-9.45784
17.5644
23.163
14.7913
-42.5574
-28.2472
9.19764
33.4391
-3.92131
-5.57533
5.60964
9.80817
4.1164
10.3011
26.5018
2.19616
24.7692
0.659574
-14.6848
4.36245
11.763
-5.12779
-11.9626
12.1599
29.7338
7.03644
0.194788
0.629862
-26.2904
46.9951
17.3432
-25.3383
17.1744
5.66236
-12.9108
36.2513
-18.5292
18.9724
5.33064
-2.42671
39.8705
34.7661
4.22741
-31.8112
20.0179
-2.99281
24.5529
29.6885
28.2129
37.1849
30.2478
17.0786
9.29771
12.3069
-13.0456
-13.8526
-1.38393
31.5097
12.4894
-2.30205
-25.0709
-10.1289
-9.84018
-20.1701
5.51477
15.7592
1.15875
4.20684
63.0101
16.0806
-24.0043
10.263
-3.59766
-12.0678
26.2818
17.7081
-0.375835
-44.8409
9.20777
11.6454
20.0891
14.895
48.6595
1.00533
1.7978
31.4004
19.6908
18.9313
-21.5921
1.42283
-30.4197
-8.60264
12.4485
38.021
2.64137
-20.8435
-23.8655
-25.8941
24.4211
-21.325
7.48946
-28.955
16.5351
-1.32513
-31.9979
-13.2906
20.1946
20.8419
-20.1558
19.9821
37.2552
1.57329
28.4045
-22.1961
36.5321
19.0544
-19.1915
22.5352
29.4864
8.66562
-3.12388
-4.04214
30.8536
23.5466
27.0006
5.54945
-25.8094
-3.77352
-23.0929
0.936781
35.6535
-27.4699
-13.0697
4.80213
-19.2313
24.3056
-4.91883
22.7857
11.7988
-14.0625
-2.65928
-11.0893
-8.52679
-14.9454
0.426069
-2.29734
23.2279
3.03324
24.4732
-25.9491
-2.23934
-17.5977
6.50006
-9.41459
9.54192
15.676
-15.5489
-21.5931
-10.0567
46.19
9.54803
-12.5999
14.0197
31.8869
19.9982
-8.21761
74.7269
21.9354
9.75753
23.3976
25.3717
6.39151
-8.0194
-23.3355
8.30582
-0.566598
-0.378219
-0.0965684
-20.4788
23.9322
-38.7519
8.84621
4.12548
-2.97233
24.8715
37.7391
-3.22898
45.2038
-57.3632
12.8878
20.9616
43.0428
-5.67514
14.0439
22.4991
17.4536
21.7662
-5.92721
9.54788
9.99587
30.3347
-2.73481
14.1536
53.3687
-14.5742
-21.505
15.8109
28.2254
-9.1456
33.4981
-21.4981
-8.96712
25.3237
-14.8764
-0.93933
-2.08688
17.7643
5.50393
-15.9371
-6.96375
7.76403
-0.542568
18.4328
-18.0894
44.4077
10.223
-4.63041
6.70788
-2.2091
-8.35471
-4.13449
1.27727
10.6651
17.3873
18.4167
-14.2958
9.12196
-25.9309
2.54701
-1.89469
36.2707
13.0598
-11.0964
-14.2643
-16.6924
-4.26394
17.5263
-19.5443
-22.6132
-32.6821
-15.5949
-34.264
-8.26274
15.2024
-2.31303
27.4749
15.5267
31.7504
-14.8466
-17.3142
-28.4429
4.56358
3.80898
26.6065
11.4387
46.3873
-16.2592
3.58505
-20.0696
-2.13463
10.891
1.42989
27.4128
-14.4311
-1.85418
-22.5928
-4.71922
22.1096
7.27359
34.4859
-1.5331
-8.92295
-40.0957
-0.849782
-4.37239
3.46039
-25.5559
0.963963
18.197
31.2525
-5.4725
8.65923
29.7734
-7.23502
3.22061
-1.18458
-22.5882
-1.68121
-1.78736
-27.0887
19.8794
32.5006
-8.47211
19.1447
10.3112
3.42493
18.0502
19.0575
28.7992
-4.93897
29.4061
4.75476
4.72667
14.9265
-25.2542
-3.64542
19.1573
36.6412
6.47443
16.1523
11.0628
31.3872
-16.3198
-11.929
-19.4263
1.47443
43.6894
5.19383
3.74514
30.5045
-8.51428
26.6083
13.1637
32.828
44.6835
-8.6852
-0.752342
16.6903
-11.304
-0.0272719
-11.6042
48.4399
18.2763
-4.81576
33.5947
-2.4771
-27.4335
-7.08744
-1.54482
3.16141
-42.9142
-9.39669
4.07952
19.913
13.1315
-5.86181
26.4099
-42.5582
26.714
-26.3467
21.5959
2.72387
-1.38221
-13.5974
-14.4101
-0.697824
14.6875
-3.36982
4.61609
54.3223
36.9178
40.4344
-21.1054
-24.0929
-35.0868
-22.1397
2.77052
-31.7946
5.23192
3.25839
-16.4971
12.8663
22.5287
3.0522
7.68013
35.3745
12.9665
6.19168
15.1077
18.209
-43.4021
24.829
-7.52498
-0.439124
48.5348
19.168
-4.45677
19.141
-10.7233
32.3471
-11.5182
36.1657
-11.5992
12.0123
-21.3733
27.7431
-10.2407
1.05751
15.4851
-2.73458
0.377127
3.10403
8.40466
-27.2994
21.7933
37.212
29.6122
8.31
-23.9253
-10.7132
-43.7264
36.7322
39.8238
25.0274
-18.4318
-11.4208
-13.111
-9.03803
-2.63223
9.65426
6.26544
7.92018
-12.9843
-3.65612
4.23632
8.7502
-4.66254
18.8183
25.7288
-49.1256
38.1655
66.1022
12.7979
6.05145
45.5168
-13.2573
-29.8107
-6.68966
-37.2681
-20.9511
5.01546
5.58751
4.4331
-47.9649
9.30187
5.9829
-3.86555
-8.59881
-26.7499
30.574
18.9523
26.59
5.42393
-9.65659
-3.22255
9.14446
16.5989
9.59014
37.6736
3.21199
-9.77192
-2.21427
18.6663
-15.92
-11.2524
18.5588
42.3071
-22.9231
0.736662
14.167
10.2435
12.6079
0.256861
-9.98652
11.3976
9.63021
19.7962
-13.1012
4.56595
43.4007
10.9115
-1.77632
15.6414
-10.2317
6.76638
-15.5984
-20.4552
38.1119
9.88018
17.2845
1.30625
-3.8575
-0.767857
12.7917
32.1319
36.7357
5.10894
-3.07409
-11.9921
15.2631
-7.53733
-0.828986
10.1554
9.42934
6.88382
0.703161
-8.46478
-0.525311
28.4325
24.0286
11.7673
2.96819
-33.5373
8.59068
30.951
-22.8895
5.54202
-17.8633
1.13566
18.3574
-33.981
5.10837
23.6567
23.1276
-13.738
-8.35574
-6.06202
-2.01084
14.1455
23.0757
-12.0147
3.07612
-16.2305
-8.07942
27.2805
3.04669
48.8611
41.0547
13.0967
11.5817
1.08001
-10.7308
15.033
-5.66077
4.01319
-7.80511
2.33169
-21.4581
32.3915
6.10544
36.5871
47.7329
15.4026
-2.31879
-10.1781
-7.02032
-12.0336
30.2933
10.8047
-5.39942
-3.41253
-24.713
13.9703
21.8399
2.4947
-37.2963
16.9497
3.58593
7.93445
22.5775
-3.61198
-11.9945
1.13242
-6.2844
-31.9775
29.1989
-7.279
37.2725
12.0984
22.3789
1.76892
-16.6762
-30.9095
16.2894
25.1706
28.8549
10.6877
12.1975
-5.26222
22.4506
-28.0984
-5.27225
1.00159
35.7393
-27.2561
6.29493
-6.02123
0.202112
0.609654
-18.8996
19.0183
5.99078
-7.79265
5.74438
-7.06072
26.6026
27.5758
-11.1587
44.4362
-2.00314
3.96579
-4.28313
8.21135
17.655
12.4396
31.1488
22.1278
32.9471
6.29335
-14.4527
-22.4008
39.1572
13.449
38.5097
-44.1024
14.5147
4.73108
22.4019
0.176437
39.9186
14.1529
7.51426
5.61861
10.7576
24.4393
31.6414
21.5705
3.56429
15.3159
0.145067
10.016
30.5596
20.4049
-9.80647
4.55568
-16.7744
28.1163
8.77468
-1.75895
0.210562
-17.0506
2.87166
-9.34222
46.5148
11.8341
40.7165
9.42815
19.4064
12.7622
25.3865
4.98542
-5.63564
-10.4509
-12.8475
6.81992
-14.0536
22.5184
21.5581
20.3409
5.47615
-21.7643
42.4715
-11.2057
1.10303
-15.9908
-0.141034
-56.2218
-7.70686
-1.15326
-34.9945
5.63737
23.3241
20.809
8.96621
-41.237
14.8526
4.50076
-20.4372
7.53263
-17.7611
21.6461
-11.7047
-5.59796
8.23265
-2.97346
-22.6762
46.788
-8.14847
2.05828
-23.0501
15.1971
-16.4262
-12.0595
56.3035
2.7143
-4.38113
-11.948
7.75666
5.39964
8.795
2.23632
27.7024
-11.5569
-15.4687
34.0469
4.13469
12.9412
-2.47377
-3.17034
-19.8041
24.8217
7.28715
-22.7333
-20.6403
-6.38869
2.74547
-18.2188
4.23586
21.4612
7.3811
16.0011
17.1221
-9.94263
2.54949
44.6842
-6.60473
-15.7767
-5.03067
-18.9159
18.3912
16.1819
26.1362
13.4527
45.8376
9.59007
7.49264
-24.0679
-2.81313
7.41419
-36.8857
13.4555
3.25926
14.032
-20.06
20.0881
5.67115
-13.4677
10.8103
25.3366
-12.0408
7.18702
6.05377
12.0164
51.2626
-3.54648
37.4482
2.08333
-9.00877
5.27819
35.2364
8.87162
6.67475
-10.6742
11.9877
9.09044
10.2116
17.4929
12.0413
-5.53588
-23.5593
10.5965
-24.2215
8.7563
-16.4537
29.0101
-26.7525
6.10402
14.2926
14.0824
6.69352
4.89648
42.6794
4.80391
22.8094
24.0635
43.4535
8.93824
-20.8711
-7.43933
9.26877
-16.6956
9.18475
-9.56575
30.8399
-30.2983
-6.12189
-22.9516
-9.39259
4.5128
55.8184
11.7258
17.9888
5.0367
-2.15064
-0.228561
1.43096
19.2985
33.0925
1.77379
23.3875
20.9096
23.8184
1.86222
27.8244
-6.13397
0.078886
-23.5544
-2.33412
32.0462
11.1982
19.2084
21.9619
24.0686
17.3233
40.0873
-17.7028
-30.8937
-11.9125
40.7922
-2.3271
13.8278
6.74424
0.534516
22.8462
-15.9498
20.2417
11.5318
7.73569
-8.62975
-18.8919
-55.1471
-13.7829
21.9421
42.0265
-1.88279
35.307
-3.54553
-23.1798
12.5316
1.94141
13.8192
4.02014
-11.7286
-14.6846
0.441278
-14.4218
-10.7306
4.06926
-20.5677
-28.8911
-3.38988
16.6578
28.9461
4.54598
31.3095
12.326
-1.809
-13.707
42.9889
-22.6014
37.9993
16.5308
-16.3788
-22.5124
3.50804
-17.4235
0.188174
0.929664
19.3929
16.354
5.71469
-20.6119
-22.9494
25.256
8.80673
18.5641
4.69252
-16.3436
-8.05822
22.8644
-16.1413
32.2793
8.01998
-45.8839
23.7093
22.8634
-20.0317
2.48219
37.7827
45.4911
-9.92674
8.92576
12.7269
5.36826
1.82194
48.4459
14.6745
19.651
7.14906
-4.70815
4.96341
9.82569
12.255
-29.2618
-3.54752
-7.7325
16.1951
-0.458049
-2.71377
-7.06237
21.4281
8.68948
8.37856
3.94959
32.5443
-2.27711
-18.1034
3.78399
-8.12192
51.7478
-38.7737
15.0665
-28.7033
-23.3258
25.035
-6.60907
-31.6213
18.2663
21.7577
44.6165
9.96667
39.46
-20.0273
-19.5604
24.1553
19.9265
32.6723
15.4741
5.55099
4.32989
18.3196
-9.1741
5.53935
49.2734
12.6624
-1.00096
45.6018
8.08036
-9.85975
12.8584
13.3908
-22.0439
56.9996
54.3221
21.3833
-30.604
4.11739
22.2106
-13.2075
41.1694
41.206
48.5248
-5.05739
-8.83799
3.2311
32.6381
2.7153
-20.1435
-7.14261
-27.3046
-10.027
4.67376
-27.5987
-7.07942
22.6455
-20.617
-22.0404
17.3157
11.3868
-13.2481
49.6879
14.1429
29.091
-1.07459
13.5431
-9.872
-11.0226
-2.21957
7.2196
25.7473
14.4119
-24.723
9.31616
-11.4517
-0.0425222
6.05145
4.64717
22.1731
-40.6663
-9.80365
1.58736
9.61041
17.3833
60.1508
53.6918
7.87286
9.46037
-7.34536
11.4392
26.6681
-21.866
-14.2248
18.2843
28.8844
0.174296
-17.9986
-28.8255
-10.8752
-7.68883
-21.5422
-18.8288
-8.08977
3.65724
-2.32286
0.666473
-19.6331
-2.4789
-25.6459
-25.8851
20.9565
4.54656
8.57352
34.3658
-18.5628
10.734
28.1679
-8.1666
11.8414
-18.0637
-27.073
18.8344
28.0243
22.0344
55.3027
11.702
-33.3235
2.65354
21.2327
19.8003
15.778
-6.31529
-4.8241
9.1566
22.3923
7.12627
14.108
-7.62397
-1.1629
31.7983
15.2306
-5.3496
-8.66817
14.475
-36.4594
14.2998
6.52665
11.9433
-43.0523
-13.5307
-1.37783
10.3224
19.8219
-17.0551
6.85333
-9.74998
-0.44711
-37.372
22.5032
7.86372
36.6587
22.9846
36.3671
-5.15724
3.35986
32.1356
5.94157
-8.06535
-17.9419
-19.1008
-11.5534
3.15958
8.73697
4.54056
-4.18629
4.98495
-49.8473
13.9922
8.59377
-20.0267
0.769335
-22.6122
-3.7019
32.1932
-17.1367
14.5842
29.0824
24.4473
11.1254
-13.2944
0.0660433
7.41051
20.1268
-6.92447
41.4924
11.2947
13.4867
30.559
15.9274
23.1719
12.9733
1.13461
-6.45583
11.6879
-0.213468
21.6488
26.2416
11.096
-21.7322
11.4858
-18.687
-43.825
1.93487
3.44483
-11.7026
11.1886
-1.90606
9.38179
-13.4463
-6.81364
-7.66704
-9.42261
2.75886
43.2696
22.9993
-17.768
19.0146
-23.2071
22.0083
15.1447
16.953
14.7348
-12.3017
-22.5089
15.4383
32.2603
27.1627
-7.78224
4.78539
25.4482
-17.9514
-1.34975
-3.62496
37.344
-4.55635
25.783
-10.7291
29.4724
-22.0237
31.7872
29.61
10.1837
15.8912
30.991
16.407
33.7108
-31.1293
-3.45361
28.8282
8.49623
7.61224
-8.42874
-7.98846
-7.82524
20.8374
0.893591
13.87
30.639
-14.5345
-4.65984
-1.30326
-4.00396
8.04159
13.5244
1.3111
-5.2987
-10.1933
32.8257
28.2839
17.556
50.0412
18.1294
40.2607
-1.85404
-4.12518
-1.4894
-1.08176
-2.93616
18.987
22.8985
-12.0526
21.9736
-9.07803
-31.9135
14.0295
21.1371
1.02353
34.4034
-9.78078
17.1939
8.68783
-22.5777
-4.33413
-13.0005
5.74596
-1.46444
1.07599
-8.46052
-7.72101
24.9057
1.13698
17.5734
8.06104
-39.023
15.4837
25.5049
18.4013
11.269
-23.9938
-17.0964
-1.71765
-6.21432
-31.797
21.0589
-6.70594
-18.8019
0.301927
-0.302223
-13.85
38.3417
-5.82184
8.56808
-22.148
-22.1356
-2.78235
41.4302
-13.2739
17.6212
-7.46732
24.7154
-7.97688
-4.08037
9.55498
-11.9796
40.8333
19.3457
-2.89556
17.875
44.1724
-9.13262
-10.1169
1.10759
12.785
-9.33919
2.21854
12.2188
21.1419
36.9004
3.71106
16.4625
16.2848
10.6347
8.15749
14.1374
28.1321
-18.9082
10.9036
6.58819
-5.70723
32.0551
16.0479
15.2943
4.43242
-23.3185
27.172
3.04779
-14.1841
11.866
39.5193
7.41275
10.781
44.2299
23.4159
-8.56638
20.0894
43.5295
19.8573
10.551
7.98348
28.0704
28.068
18.7091
7.62561
-1.29506
-8.47565
5.91741
16.6138
43.9663
6.67508
-29.6466
11.9497
-5.19226
-21.7301
0.932466
30.7502
6.35121
6.6365
2.17483
29.6981
-4.72569
10.6013
34.2292
-14.5387
23.4502
35.7054
-44.4305
11.8977
16.2995
1.51144
8.84471
-20.1554
9.08406
-9.79527
-3.95972
22.6931
-5.39073
-12.4561
-36.7788
-26.4206
24.5178
-31.6937
2.40805
12.2159
7.04905
42.3124
-14.1684
-18.0847
13.0858
-4.26747
7.84965
-10.0681
8.30883
-42.4586
-2.49366
20.8007
-8.83744
19.6096
14.4848
-1.6894
-4.54718
27.6108
15.4501
55.5422
22.606
16.5519
2.35911
20.3614
3.70128
-13.2509
11.055
10.1507
12.5236
23.0844
10.8159
7.3523
29.3872
-5.80787
-8.99528
-0.218719
18.3082
30.8103
17.9018
-22.3135
71.6813
36.2258
-2.75358
-15.9716
27.6476
40.9677
-24.7602
-25.8753
7.76907
11.558
-6.61468
19.4278
1.84089
-26.5802
-12.2267
18.6289
-13.9924
-6.66136
23.4011
17.236
-18.4029
5.94142
3.96538
-41.5134
17.1804
40.9207
-11.4328
-7.28182
16.6333
15.5137
9.07191
-6.72665
-7.63121
-22.1483
25.224
10.9989
-14.1045
22.9065
7.1019
-17.0771
56.6348
-7.0104
-0.642214
24.3657
12.0031
52.0681
26.5461
25.557
32.8615
-8.3772
22.8931
15.2442
4.32373
-9.45118
5.40638
2.79674
9.89045
7.05031
32.4723
26.639
-14.8467
22.5877
5.98468
13.7559
13.8323
-5.63564
1.28448
26.4518
29.9525
-24.5781
10.3259
33.0169
30.7053
44.0664
9.80456
5.60082
-16.0374
-22.5049
-8.38328
10.7657
-7.61247
-15.6172
13.5217
-6.56936
17.5781
11.6695
5.49004
20.9404
5.5757
5.79842
50.6597
29.3402
-4.28907
-17.9558
19.0492
16.6744
-13.5148
-2.45497
-22.1178
-17.8087
16.6727
-13.8932
8.04446
28.4386
-11.1932
7.4672
30.1488
6.16012
-25.7638
-31.1476
20.5902
19.1289
21.5987
18.6551
25.6508
-53.2985
7.22868
52.7751
17.5671
-16.5735
-4.7181
5.28197
13.807
-14.8695
18.7283
-10.9965
-0.331991
31.0928
20.2885
10.4067
14.6389
36.9964
-7.66689
22.1479
50.8502
25.2692
-7.68014
-11.4914
1.00236
-6.49834
-5.53515
35.0167
-12.9812
-16.4511
-22.2775
12.0915
25.6153
-11.7206
-2.05264
-6.55221
-3.9497
4.56736
-0.16641
45.5151
23.7543
11.8358
17.6277
-11.4327
-0.17709
10.066
5.48605
-17.0021
24.0093
29.6239
2.38633
-38.7351
-4.73042
46.35
5.47611
23.8112
-0.556074
-9.40514
20.89
-13.9788
14.9601
42.5091
-36.9912
0.791237
-8.94133
9.04825
17.7496
-38.4632
-34.3073
-21.6782
-27.5892
-0.243098
-2.31031
15.3805
43.3954
23.1819
17.4278
-5.23384
24.5091
3.81704
11.3187
-42.8993
-26.6726
15.4082
-27.7094
-5.21333
-10.9127
17.5233
10.406
-8.82271
32.7823
-17.5658
23.0483
4.45638
16.4453
6.02385
3.7618
2.65666
-0.150097
16.6872
23.179
20.5802
-7.0849
22.8442
-2.67503
26.3348
6.9445
24.9121
12.1951
-34.6044
-28.797
-13.6881
-16.376
-17.1332
-16.0894
15.2144
10.5559
-3.73779
54.6655
-26.9571
28.9175
14.1631
13.1057
34.3238
10.5167
25.6423
31.7841
-0.301652
-40.3626
6.42399
-11.2139
-21.5159
11.8948
13.366
18.7837
-4.90536
0.454874
-12.841
29.3727
7.8112
-2.1678
-17.8585
2.72497
3.68393
2.30727
35.8365
9.30287
7.93559
-0.330959
-9.31253
-19.4884
8.28388
3.22324
-3.38843
20.2142
15.9375
-0.388218
-7.21763
20.2534
-36.6717
17.6502
10.7095
36.6191
6.92043
-3.12553
-3.11801
-5.56883
-10.0821
33.7931
14.023
-11.7954
14.1586
-53.3338
30.8098
25.4125
-43.2899
29.587
-4.30371
-1.57516
26.6741
-6.9326
5.81538
-5.97596
33.1362
-3.83775
-9.08545
25.8177
-16.3991
-6.5315
-27.3107
6.90493
-0.572882
-18.0516
17.8963
3.24828
7.02363
-15.6372
-42.6921
1.44389
16.6767
36.8469
4.69489
-10.8754
-4.0985
-3.21085
-20.8967
45.1146
7.04897
24.0595
19.0102
6.84057
27.9253
21.085
-31.0108
20.4026
-9.66786
29.8595
36.7844
34.7888
-6.99689
-7.57263
-6.04558
16.7715
-23.9647
14.8748
2.48353
-1.72221
-0.0231285
8.22024
5.08301
19.895
2.52408
17.5789
19.1586
-7.13122
14.4649
18.2874
8.19227
16.0686
-35.6537
33.5412
13.6643
23.2413
-2.43718
31.1649
-42.4872
-14.271
35.5535
-1.21075
-16.7191
7.81253
16.1813
32.6376
10.8737
-0.10026
3.5056
16.898
43.4219
-1.39455
12.4133
13.6855
-3.07087
21.1922
-18.0628
13.8211
17.6333
-16.2993
6.42553
-23.0432
-12.816
16.2591
-32.877
0.513518
-6.12915
-24.5796
10.7828
27.6442
9.49933
12.6699
42.4499
-4.89264
25.1118
-16.2659
-4.07504
-23.9104
-19.5412
-24.6718
-31.9948
4.77784
23.681
24.8317
0.259257
-18.221
19.1819
-9.25213
-9.438
10.9108
-11.3614
-25.3699
15.4406
25.2605
-3.54099
18.8641
17.1435
4.73387
5.45819
15.7298
39.3589
0.749991
-10.6883
-0.955318
-1.82207
-30.9931
11.4895
-17.092
19.9781
11.732
-0.0867152
-8.21686
41.0539
41.4098
37.3811
-14.6569
20.6111
-33.3057
-3.57839
-31.0752
-10.2922
7.30119
18.9624
-16.5466
41.5489
9.4455
0.0924461
3.63303
4.71679
27.8769
11.1071
-27.2357
-6.23697
-4.47677
-1.29444
0.0635783
4.44895
1.68409
-19.2861
15.5563
7.54889
0.743071
15.6575
12.8762
25.6516
12.9682
-19.9984
7.22474
-3.30017
21.8119
17.4814
15.1489
26.9859
9.87933
7.00381
-5.42175
-3.26908
9.97048
6.31498
-4.43806
21.5861
13.4579
-8.29714
23.1541
-2.23286
-37.0941
0.978676
-27.8768
15.8627
-5.25628
-25.947
-28.5695
12.1638
38.3405
12.8712
10.9558
-12.8475
28.9639
35.6966
6.33793
15.1673
9.92716
-4.28241
-4.7794
-1.00242
-9.22002
-6.87615
13.4318
15.2954
4.37326
2.09454
22.2484
22.7349
-26.1312
-17.3513
30.0453
-8.01493
-1.52443
7.23037
7.21538
1.74461
38.0438
-10.2428
23.4591
22.064
6.60498
-57.2536
0.819533
1.35229
-9.77441
17.8949
16.4216
-2.35914
23.9172
-12.9473
13.7458
-28.7047
14.7208
25.7984
-1.47732
-0.108073
23.5799
-1.03138
-7.93058
6.519
6.35386
-15.4913
4.29148
-1.85569
10.9364
-3.13373
4.32087
-7.49835
28.1936
12.1706
-31.2094
27.2596
6.82897
18.8268
-38.3155
2.41214
3.94409
-7.29191
-6.76238
-19.8773
-18.6683
9.45182
23.7868
-22.0282
-10.0134
1.25066
8.28351
14.9689
14.9579
22.5475
14.1132
14.3642
-0.561058
12.7551
-23.8745
-18.4563
-5.08781
-42.8793
30.8058
-48.869
27.0008
-15.3357
21.9706
30.2624
13.6534
-5.0736
1.75632
47.2175
17.0662
34.5924
9.46065
-11.5978
-28.4262
30.2188
-14.6919
34.3895
-4.41123
-7.61896
36.9121
-7.66701
13.8334
-9.51488
28.3715
21.8071
24.4514
31.794
5.50821
-9.72123
28.4598
-37.2937
-15.3805
-12.0355
3.67626
27.6147
7.92659
17.0051
-2.5108
-1.36718
24.4356
1.54681
-5.07227
5.14229
-27.9266
14.5467
25.8193
30.9694
4.21525
19.5573
4.43837
-6.97374
-8.82547
-21.8154
13.7074
0.590063
56.1478
9.78113
4.32316
-10.1371
14.4886
-10.542
-10.6843
30.691
17.5549
-22.4021
20.3775
19.2073
32.8712
-3.89316
-14.6042
28.4564
46.4702
41.5344
-12.7184
11.4546
-12.9544
1.13886
9.03513
10.7568
-26.059
2.92529
0.201661
-10.8977
47.2205
6.68015
38.869
-20.4982
-19.3317
-8.29762
35.2531
5.05309
11.3217
6.47714
22.492
2.52631
0.129621
-8.10586
-19.0481
25.8889
-31.1499
15.1264
-25.4077
-5.85807
11.5964
20.875
36.4943
40.3071
30.2302
30.1551
-25.2961
36.4018
-0.804229
20.166
-1.72712
-11.8349
-14.2809
30.4723
-35.9216
64.4409
13.2035
11.0557
11.6109
0.867224
35.3713
10.243
-33.5901
-17.293
-10.5581
15.1384
6.54029
27.226
36.6412
-0.676494
-3.09773
-34.6977
-31.439
12.0407
14.0499
23.9364
20.3789
-13.2755
16.4012
-6.617
9.73131
7.37713
8.98706
34.9788
-8.09836
20.0693
13.9726
-11.2645
12.9804
3.60673
-1.90017
-1.63299
7.93197
-5.07859
-5.3828
17.0368
-35.7406
15.3148
-18.8265
25.9205
15.9609
7.80334
-1.12117
-14.8081
24.8117
14.3086
21.0392
-35.8603
7.82296
-0.386827
-15.8413
-3.38005
5.78035
44.6167
-8.96229
6.58002
42.743
7.01787
-23.4733
-6.38648
44.5866
-11.2918
39.1673
14.3544
12.8037
19.8084
15.875
-2.44599
-26.8154
-10.3056
5.90697
29.9943
5.89278
27.1362
40.5525
15.0334
-1.55327
4.23846
20.6148
15.8443
-13.0231
32.8122
-1.83372
60.4964
-5.12416
6.30469
6.40542
-1.60907
11.1775
15.3162
-16.4092
-16.9981
-43.1958
19.0616
-0.962808
7.81366
3.63217
10.9828
-14.202
0.145695
0.130315
2.69298
-6.6952
29.8842
0.33323
6.42083
-8.68789
6.24424
-6.49596
-57.4828
15.119
32.4365
12.7547
18.5891
-5.07171
-20.862
32.0512
-6.00649
40.156
22.2041
-16.7422
33.7673
-27.8347
-0.620511
-7.89618
23.737
7.35329
18.0618
1.54507
40.0134
-8.75977
6.75954
13.2515
-1.3801
4.51871
-5.08857
1.38052
-22.6292
-4.81739
18.6252
9.47944
-18.6849
5.27529
-40.3628
20.5677
20.7608
-30.5154
-3.87666
17.9493
17.9027
-46.8997
3.90445
15.0615
0.571182
12.7612
27.314
-17.2457
26.4641
-7.22249
1.46984
-12.4532
-5.58071
10.599
6.32189
-35.0224
-3.87387
11.9327
13.4777
35.751
30.9407
-6.52145
20.8265
30.7189
17.5793
35.5939
-0.163192
4.09439
4.16807
-35.2027
6.19707
4.46429
2.19671
-25.5368
-3.71411
13.2074
17.7163
10.4543
0.288713
47.9769
8.35568
34.55
16.4465
6.85374
-4.28438
-18.6872
32.4417
-26.7173
4.21467
-9.94423
-14.8421
7.21297
-3.50071
14.6321
28.7448
-3.48408
-1.41357
-5.7643
30.864
-5.30412
-17.7887
13.1886
-3.44062
-1.371
6.71707
0.163083
5.97302
-1.12473
4.90321
0.514256
-13.0234
11.3934
4.66317
-19.246
21.4911
-12.4862
-14.0235
35.1302
16.2555
5.79075
32.3773
-18.0596
18.4057
28.1883
-29.628
12.6181
10.9738
6.7107
18.2044
13.7337
30.8499
-16.1775
12.8181
0.227246
16.5955
-6.43168
-8.16155
15.7267
-15.0768
2.74221
-6.41275
-0.945322
-22.2425
-38.0041
-7.37512
25.7718
2.34165
0.160187
-4.80379
5.06498
15.7542
24.0349
9.80849
-6.055
-26.5066
29.5827
13.6184
10.4387
-10.7439
5.24103
43.4095
30.7111
18.741
-12.813
19.1877
-1.36061
1.05318
-6.89355
0.570982
-13.4075
12.2165
-3.60336
4.05349
-21.0523
-17.7957
23.9516
-5.31244
-17.0113
-27.0537
-23.7763
-20.3504
-7.03042
-1.16743
13.8125
10.2997
-13.5219
-10.5124
22.3533
5.47712
10.4756
34.0245
15.3288
9.47468
8.09916
-10.8394
10.7764
23.1774
32.9511
-22.012
-16.8662
8.86924
11.2351
-2.45023
19.5881
2.74434
-15.3199
39.4728
7.59326
-1.4686
-11.4397
-29.0259
31.9344
-4.37533
-3.3725
52.6025
7.11123
-33.9719
5.13325
0.435677
1.46452
18.5839
13.0312
-15.726
36.4679
-13.6295
30.4106
37.74
32.229
-7.21868
-7.88752
-24.3016
12.9519
38.8273
-25.8486
-1.71038
7.50578
19.7856
-33.1801
7.82493
2.425
4.65011
18.0961
-40.7536
12.7811
-5.95417
24.3068
8.80922
4.25391
-13.2255
8.41051
-3.92041
20.546
53.8853
-55.6621
18.3451
12.537
3.63107
32.1869
39.8645
8.70544
-32.1454
12.3992
21.9116
40.4687
-36.7
-1.84147
17.3517
-12.7526
28.2142
10.5109
37.2729
-18.6499
13.4276
19.2977
-4.16656
10.9866
33.3842
9.18111
0.86156
9.42375
1.49953
-22.4013
-18.9887
15.5688
1.62808
15.187
-16.3271
-11.5269
-37.4159
-14.2921
-13.1921
-1.19313
-22.7814
24.658
-37.6557
-3.00813
-16.5973
-35.4315
18.5926
-7.77936
-23.3146
-7.05958
3.6987
50.4987
4.91798
11.0522
-24.5735
-21.453
-12.9513
0.221443
16.03
9.80517
38.2619
18.1036
25.0004
-6.63234
15.8094
21.4078
-1.66615
-19.2677
2.65966
-23.5274
-9.16698
-4.0569
-17.2007
36.1869
-24.632
18.4447
-30.0699
-17.6884
7.85837
-7.00898
3.9561
19.5835
28.6072
9.28896
-22.6095
-1.41239
6.53641
15.6019
13.8716
2.05567
4.0771
34.3452
-24.1582
5.02578
9.20447
-17.9811
-22.6705
4.20545
-0.234168
-9.33562
-1.11509
4.24706
-14.1015
-18.8195
34.6252
-4.39816
-27.1906
7.70206
-13.2191
7.84532
-25.3454
-19.7384
9.66055
-14.5488
30.7599
9.99327
-0.627609
7.89724
20.2145
-15.7723
6.64725
8.31249
14.816
38.7849
-6.80083
-9.55452
10.2106
-28.2713
-8.22609
-13.0622
-6.83322
-35.6879
-14.9303
2.04535
9.50024
5.91809
-6.29555
-20.4033
-13.61
10.9608
30.1314
22.2197
-8.97072
-20.4681
5.6499
24.7916
12.8424
17.5493
-21.7417
-12.1962
30.0003
-16.0559
-3.47498
5.71899
-1.12414
4.57513
-8.01045
8.41139
24.5642
-31.2335
12.957
3.05923
2.83866
5.43156
21.3096
24.2094
13.3926
-6.77157
-4.33792
-4.59406
13.781
21.2157
-25.6395
23.5192
12.1997
8.03201
-1.87651
12.5271
8.73612
-3.73733
5.1192
-5.65764
-16.7434
-21.2986
32.2364
-15.3253
-21.1639
-14.1256
27.135
37.5316
-28.1949
-21.5632
13.6566
-19.6887
2.51984
-3.29086
7.74904
13.4454
-10.2696
-12.8704
-3.91177
12.2547
1.71754
9.84635
17.4948
23.5974
20.472
50.0895
-2.64717
64.7495
4.39259
5.12417
22.5459
33.3563
16.595
-10.0096
21.7752
-20.1743
-7.99759
16.8195
21.9794
-36.1428
19.983
23.4881
9.07197
48.8872
-34.3414
-4.80981
3.51952
46.732
-0.931043
-9.96006
-0.38766
0.7875
31.2071
-1.83666
12.0607
-2.7874
-6.00351
32.3892
23.735
9.08872
4.32075
-21.8115
-10.4945
-0.308812
34.1148
-4.21722
3.39881
17.2458
-31.4782
6.6117
6.95044
14.5037
-3.77245
17.3236
-21.2082
20.2929
-52.177
8.45384
-4.44738
16.0767
19.4167
5.69043
-4.20236
25.4349
34.6145
-5.49108
35.1768
7.97529
24.4855
0.587229
20.4288
-12.3829
-2.67372
-22.8219
25.1935
21.5257
36.2588
24.0093
39.4103
16.2065
-10.8075
12.9
-5.32124
4.70748
54.7593
14.2744
15.0868
-3.33028
-16.8419
-7.15533
-5.2062
-16.5536
23.5069
4.85808
-8.31503
0.824638
34.462
17.2249
26.3311
36.7247
1.21185
34.1016
9.75355
19.6289
6.63553
-17.5938
2.97625
-19.0668
-10.7612
27.2313
-3.95159
4.95328
-13.6943
-24.2507
-8.33449
62.8406
12.2844
29.0192
22.0593
-11.6943
1.04426
31.6961
-16.0559
-23.7569
-31.2886
-17.2151
-30.5683
24.351
26.2526
-16.1431
15.4764
32.8706
28.2542
11.393
-12.0278
18.7393
-11.7401
11.2983
5.29022
2.05772
-20.0655
12.53
18.753
-4.29128
4.35902
-17.6119
19.3374
27.1438
5.08276
12.8063
4.42849
30.8832
-2.17568
3.52231
7.84922
-1.15029
11.9408
1.61281
-20.6804
5.42027
2.04541
42.1778
16.5573
12.0465
21.7237
15.5273
15.7994
18.1484
16.0703
17.8842
-2.43362
-15.1089
-12.3444
38.0771
21.0973
17.5456
-52.2543
1.86056
-8.62637
5.43663
1.75363
46.1689
27.1303
-12.1358
26.1479
-27.4889
22.7554
16.3134
23.8398
23.4339
-1.37274
18.2703
2.27298
30.9273
-3.25519
21.2429
20.0152
14.6783
30.2979
27.1769
-10.149
-22.817
-6.60193
1.5116
-8.52573
13.1369
-28.3126
40.0987
-23.9226
-19.0765
41.626
37.1471
20.2967
-24.7282
6.51961
43.5372
10.7256
0.23056
29.6608
22.4491
-15.5721
24.8005
9.11179
28.9269
10.3752
-7.35578
-10.3588
5.75722
25.4207
33.8025
6.00802
-17.2876
11.878
22.5148
-23.6673
19.7142
37.9524
49.1899
8.6505
-2.25593
28.0521
29.2071
-3.43986
27.5719
-19.4162
21.907
20.8051
-11.437
-20.1715
-6.78049
-15.0054
14.9841
-5.13318
10.737
-4.03839
4.98182
-0.983298
6.25447
53.6164
6.74913
2.76008
29.9512
23.49
-17.2154
4.01157
22.4958
-3.01656
32.2473
6.67578
18.9834
-4.48193
24.5337
28.2393
-36.0833
18.5687
-30
18.074
31.1824
10.5576
-16.7487
10.7236
22.3461
7.14048
-14.8624
29.0741
-21.5582
18.7107
27.1059
11.7147
-29.855
30.3323
9.19424
-3.66147
25.4521
19.2459
14.0721
-35.194
-21.861
-21.4043
-12.1816
23.2828
11.5016
9.21361
40.3405
24.2829
6.21189
28.1958
-21.4598
-12.4055
-1.31963
-49.2413
20.5178
-48.9649
-17.6332
-36.1106
-27.4894
37.403
22.0249
-10.8886
20.5257
15.354
24.0206
2.10805
0.989938
19.3808
-7.16176
-20.6669
1.37496
13.8683
28.3699
-13.2922
-4.65479
3.30627
9.5532
-6.4908
8.8075
27.9511
9.00218
4.74529
-13.6982
-10.2557
29.5564
-9.84376
8.22932
2.66499
-5.26057
10.3208
28.2476
-7.12125
25.9682
-14.05
28.1223
-5.51769
0.920923
38.1828
25.5112
-13.845
40.1139
28.7232
24.2795
4.55626
18.8619
37.3162
-7.96618
11.2833
3.74311
-21.6786
8.11862
-20.3133
17.031
-11.2779
19.7912
-26.0527
9.88361
-22.5782
-31.4648
29.5819
-49.7008
-1.24227
0.888435
20.1705
21.632
32.6058
-17.887
15.6673
13.5988
7.85752
9.70088
16.0545
-2.29581
26.9693
11.2501
-12.4641
6.73685
-1.89371
-11.7774
-0.124391
15.7088
8.07425
35.7793
5.7905
38.2618
11.744
-22.8465
5.8683
23.0846
-1.44114
72.6249
-8.73348
28.2304
11.1346
-22.0274
24.8221
-5.34449
47.9656
-14.0817
-48.2801
-10.0723
2.4399
-14.6144
-7.91518
-6.64633
9.23521
2.50771
35.4991
47.847
-8.74613
15.6243
-21.2145
5.7289
3.69541
-6.37485
-4.89579
-6.88299
36.5638
-47.2132
-8.5743
-35.0492
-18.1427
-40.8608
5.01922
2.40065
11.1065
-13.9618
10.4861
-15.9628
21.4448
-2.05288
31.0113
18.6247
-26.038
27.9519
20.4414
2.83807
-2.23221
-0.445675
9.45654
32.8576
7.92132
9.19002
20.6322
32.6893
17.2259
-25.712
-11.2607
8.10151
-13.3393
-13.2951
15.2652
2.74829
9.65338
23.0125
-2.94282
16.8791
-23.9678
2.91866
-16.1365
-16.3487
22.4894
4.06346
31.0223
-6.03382
29.1759
2.69072
11.8752
42.3986
2.0542
33.751
-0.0652327
11.4698
2.91425
-27.1138
16.8716
0.0800748
10.9115
7.84041
25.1288
32.3611
1.68937
13.0319
5.22636
45.6736
-6.04333
-20.9772
-7.61223
1.90072
-15.0741
25.5098
5.54816
-18.2844
25.6855
-5.93556
-1.72024
-11.6524
26.5382
-16.1908
-2.51501
-7.82925
-10.3282
14.1464
-10.0868
-22.503
32.1735
46.4819
0.264348
-6.43092
-6.10224
-15.0808
8.7676
37.4011
27.2096
-21.8035
17.3812
-8.82559
-1.87366
38.6914
-8.23004
3.55364
13.6832
6.28603
6.67942
16.3007
-35.7387
-13.6748
-6.47191
4.30237
5.47616
-10.0751
20.6074
29.0419
-22.4635
-31.4915
-13.3292
7.31956
10.1291
18.8787
8.52045
-6.39993
-18.9728
-3.36297
-33.7306
4.76525
8.24533
-25.4511
-3.92663
-4.28847
30.3372
19.0222
65.1298
-9.95008
-3.7623
-17.1078
1.84009
8.57044
-22.6777
14.9672
4.29208
2.95871
15.595
1.32496
0.310403
17.2302
-21.966
-0.0282309
11.971
-35.7715
22.4378
24.2267
9.57372
69.231
14.272
46.4009
14.1633
8.89862
5.25903
-5.02258
-30.8947
-19.6088
-32.9711
21.5441
23.2232
26.6009
-15.6585
-15.3659
6.42048
24.9942
41.6937
13.2656
-12.8199
-35.2357
44.8066
-17.33
2.10967
27.0012
-16.5665
7.66292
2.55012
1.12953
-6.83929
-24.0634
-26.1337
17.2309
3.98017
74.8255
1.68493
-1.90856
28.3226
-9.46643
10.532
22.4723
-9.24369
-1.88254
12.4265
4.72333
-79.0935
0.650972
8.64036
2.88628
-35.8296
5.38164
32.2642
16.2902
6.1473
-12.8463
9.38831
-4.03156
1.51013
23.4679
28.7762
-10.3764
20.3232
42.1361
11.8791
-3.00672
6.83305
-32.5651
8.90044
-14.8277
3.70942
4.14043
0.36969
-4.08405
-7.97983
-13.6372
8.78981
-1.09983
57.8386
-8.54811
9.59748
-8.46016
10.8443
-22.6001
21.9323
8.70367
39.6593
-23.0316
7.53094
24.9665
19.0925
-4.62293
-14.1688
-13.6865
1.66887
24.2933
26.7249
7.604
33.7998
36.7025
38.9044
-4.18347
17.7048
-5.778
5.45635
33.2957
-2.37774
-22.1091
23.1812
34.6876
-19.4462
27.7563
-35.9434
-2.87978
20.0569
45.5742
-10.1556
27.2245
-11.6008
37.6521
19.5438
29.7937
10.8386
34.4576
-11.601
9.45614
4.32446
-15.5632
6.06923
4.28825
28.6766
21.477
-21.5983
2.09672
-31.7457
-13.6844
-12.8545
38.1363
2.90131
18.9413
-6.325
-8.61026
-12.5839
22.8998
-7.28517
15.4938
-20.7335
26.7762
-6.79443
-23.4044
25.07
8.64108
-2.91101
21.3419
-5.53178
18.9985
3.35968
23.4323
26.7717
45.1365
-30.2107
5.8491
-0.912126
8.36921
18.3958
12.4209
-10.8323
7.25704
40.836
18.3956
1.30439
-13.5832
26.4307
-2.03928
-8.76677
-27.8376
50.7205
-29.9649
10.3738
-10.7391
3.77743
15.4782
23.9881
24.1588
-4.74932
32.8016
0.164303
6.44159
12.0599
-1.70286
3.00264
-3.90986
38.4704
18.8364
11.6865
-27.0961
16.5775
8.67611
12.225
34.8165
5.06157
-0.552656
9.44907
-10.7087
20.1443
38.9779
-3.84245
-42.3673
19.3172
-12.8949
12.4324
19.9639
-0.236647
-17.4022
18.4682
5.22407
2.52276
31.1876
14.6517
11.4719
-9.98141
7.71271
-14.2186
1.87335
4.74844
19.9423
-4.23479
1.65546
18.7437
-15.3353
-11.1882
-17.6084
14.034
-1.48549
-2.00496
-19.6648
-30.9075
10.4799
31.74
0.793165
26.3316
25.4864
-15.8689
2.84453
-3.59473
3.31322
1.59341
4.53789
33.8946
2.60699
39.1587
32.089
-21.5643
26.9969
-8.73008
-7.09723
53.6098
24.523
-17.0092
3.36812
-10.6171
3.47604
-12.0929
1.43059
22.3925
19.6896
21.5676
-10.546
-27.1911
-16.5743
-13.8819
9.65246
22.3615
7.48375
1.41877
-48.7845
-13.1182
-20.3732
-5.48332
7.71223
17.7237
8.74349
38.2083
-5.37138
1.78518
-17.6429
-14.3301
35.8167
9.84823
2.67657
8.82776
6.91796
-2.15144
-0.273494
6.81974
16.807
-10.401
20.3522
-8.13414
-14.1708
14.2199
59.7842
-7.91228
-3.98708
-10.1946
14.6944
-4.15734
-9.82658
-3.37734
37.3941
-20.2685
5.25228
-15.8896
23.7934
28.7747
43.9466
19.6246
17.583
-35.7867
-3.10022
-16.4135
7.14706
14.9495
-7.27166
-0.601239
3.52464
31.7541
-2.37674
22.4184
-9.16706
-26.6589
-19.5864
22.8221
14.4788
26.0479
15.5405
33.2586
3.24762
2.43739
-13.2872
29.158
4.36907
-6.59697
44.2317
-29.6517
-26.9169
-0.697435
32.0211
7.28932
2.28686
-22.8944
27.4028
4.07419
8.08504
-16.0981
1.33816
9.53752
-23.2406
-8.21005
10.8666
-45.5462
53.4721
21.8454
-18.1789
-3.05581
26.3563
-1.12084
7.42387
-5.73097
-18.5405
-2.66523
22.0605
-23.3426
32.6784
-22.1425
-3.14676
-32.8496
-0.268317
9.96002
-15.0892
-13.5546
-4.24161
-4.0645
13.0169
25.0756
40.6724
1.36753
-14.7601
-15.8446
6.83074
-4.13164
14.5396
3.63032
-12.4084
-17.3613
21.2617
10.651
-3.61915
12.4281
18.5102
-4.86542
-6.98466
-18.4161
4.04237
-19.9497
-19.796
17.1805
-7.11851
-5.73641
13.536
-14.401
-6.9505
15.4895
20.4692
-2.44965
0.0727069
-1.67472
47.5649
-0.113201
-5.07525
-7.99685
16.3765
-22.1922
17.1246
-3.57841
31.5992
11.8037
-7.7503
26.7514
12.6779
-28.6433
14.3796
16.1853
8.2473
-12.7929
24.8463
13.2019
-7.32806
-0.853377
13.2204
25.4505
10.7428
-2.20399
11.7345
10.3322
70.1717
-8.26323
29.1244
-14.1626
10.5324
12.0567
22.5763
-31.3531
-31.4983
6.91907
-5.43369
5.46271
6.33163
-12.8798
22.3257
-2.72015
2.24996
20.8479
8.25907
19.817
-7.39253
4.46396
-30.4586
-25.2036
2.68666
-21.0606
40.919
13.4928
44.8786
-12.1843
-31.8619
-11.6177
-13.0949
-15.2964
-1.87633
-31.0317
15.2938
3.28195
52.4165
-4.04685
8.65023
-0.776727
8.69272
15.2765
-10.0857
-18.2761
10.5048
-4.10579
-6.66832
5.41574
24.8035
40.4153
14.639
-13.0077
22.7901
-34.3736
-23.9255
-4.47397
-12.6336
-24.0404
19.4838
14.0371
-13.4429
13.7563
-1.74189
9.86402
8.02347
-1.48992
7.81563
6.51545
36.2202
-11.9454
10.107
-13.2599
-8.46049
20.7533
10.1629
13.4822
3.2081
8.94873
-0.944196
-0.478192
-1.0471
-20.1271
20.0365
-7.63178
36.5917
9.9192
-2.97795
-9.14142
-4.71158
6.89314
23.9146
0.662126
-4.30704
27.9591
-8.31566
-15.5772
22.3363
18.323
-16.9157
18.0349
-0.716474
27.6128
24.0122
-7.2561
-19.6968
17.0958
-25.7173
33.3521
-8.35638
3.87039
-7.90966
28.7165
-7.10876
-13.4233
-14.283
-36.5039
5.01469
30.4454
15.0997
-26.9077
22.1095
-13.5667
-13.5416
8.53508
-11.5274
-15.5393
-1.22069
18.4662
21.6211
13.5887
15.2997
9.23168
39.5555
6.73188
12.1557
-4.67154
19.3608
0.89068
15.2097
56.8882
26.9937
-7.24753
13.7061
13.858
0.108648
-14.9249
-6.20022
-20.6709
-21.9188
22.5987
14.0965
-0.319706
-22.3529
14.8992
4.05012
-13.5754
-13.2583
5.0153
2.73458
22.6775
21.5628
-18.665
38.8055
-7.08127
9.98104
1.81527
5.86855
5.98772
-17.7837
13.8997
-22.0497
-7.89112
31.2223
41.4873
14.828
9.83752
-9.94817
26.2619
21.1749
32.1609
-4.5535
-23.3413
19.536
-30.0992
42.8763
24.101
17.2416
-26.4255
-36.4925
-4.41851
11.1237
-39.9495
5.16727
7.09726
19.9269
-4.97174
17.2434
23.2383
-14.8468
0.839155
28.6234
-8.92422
35.8815
-22.1834
3.31862
-7.3827
-0.80801
-7.63904
-18.1944
24.3544
24.3999
-9.53254
31.6111
-12.2931
46.323
-9.88106
-28.0747
0.489876
-18.5814
24.2337
-0.642132
-14.7398
-7.84999
43.1046
-3.52182
28.1339
-16.9202
-12.1877
25.2089
-12.5374
-20.7889
29.0699
-13.7297
-10.8351
5.75359
-0.590658
-15.8951
1.55862
13.2891
2.93987
-1.0718
0.649471
0.976685
1.91346
-4.96245
4.3335
16.9437
-14.6547
12.5509
8.18564
0.209093
-14.9798
39.7353
23.6174
13.3631
11.9503
29.2659
-0.208349
10.2322
40.2784
-27.72
15.1467
2.69211
6.05868
-16.8325
30.1001
-3.20319
28.6113
4.66277
-14.0523
1.14934
49.7126
0.148135
23.2209
3.61063
-29.5432
4.06583
7.51674
28.2535
5.97707
21.6354
10.8216
-0.0436536
19.1705
-6.71728
-40.7871
-31.6791
7.08405
1.95134
-11.8931
-16.736
10.5509
30.0694
26.4978
13.1362
-5.57689
0.754221
-38.611
-50.2789
-19.3826
10.4357
24.2574
2.11901
7.06647
-6.35985
24.7113
-3.40274
3.95478
14.0015
39.7115
10.7828
16.9342
18.4034
8.62659
16.4591
-13.7595
23.3542
4.38357
-5.58758
20.7719
-18.7943
-4.63659
-6.54548
12.9178
-3.97331
19.753
16.8768
-24.5512
12.1477
10.924
0.375086
22.4778
-28.0838
4.84429
11.0391
-18.4855
15.3925
-6.55797
1.76271
26.9412
-6.0925
8.34826
-10.3407
15.1655
-25.4776
-14.6126
10.2287
22.6896
12.8216
-9.70801
20.9121
17.1809
-21.8223
4.16485
13.6522
24.436
21.0916
2.25558
6.2368
10.0979
-36.3843
-15.1046
-19.9571
13.081
-32.0017
27.9798
-8.03079
31.5369
9.96892
-67.767
0.966581
14.5765
10.8856
17.1959
-3.82579
22.561
-14.4175
48.1181
-18.8939
24.1139
-0.0710629
-0.263823
-0.787051
26.4188
0.60766
16.2514
12.7724
-8.07694
17.7176
26.535
51.5626
24.4499
-2.13921
-12.8419
4.92597
-2.67467
49.8614
-26.4955
-0.719769
-31.9252
3.68386
6.83267
19.2491
-26.9389
-11.3489
8.90645
44.422
-6.4344
40.8772
8.79024
-9.3951
6.77388
-1.56023
-23.8495
25.963
40.0809
31.0079
6.48763
10.0256
7.53355
5.92912
-22.7
-17.2337
-15.9136
-15.9781
12.3634
-17.6037
5.73698
-25.8052
-14.9244
-15.5748
3.44395
17.0347
28.9504
-14.7354
-10.0468
7.56549
3.66492
-6.31418
29.6636
-9.49264
-9.99328
-7.73319
16.9577
6.15254
7.82273
-0.978816
17.5278
-3.24797
-19.2721
32.6603
7.26446
7.24313
17.9208
9.19746
14.0125
-29.106
18.5139
-22.5839
6.09972
18.3883
-4.49137
13.6432
-7.04328
39.0491
-16.0134
-1.62937
2.69569
17.9274
9.8689
-18.4832
-7.47541
6.06794
12.9096
-9.89512
-7.65483
-2.23193
18.5828
17.843
2.85072
-2.76299
16.7268
-9.33341
4.93144
21.6614
30.4851
15.926
-12.2491
-3.58995
18.1881
19.9268
8.62464
46.0004
2.8112
-8.82574
-30.6156
-14.8643
9.02839
-9.18828
-2.56361
23.049
6.83993
36.9445
18.8146
-5.68927
12.8026
-12.0791
15.7516
-10.113
-7.16472
-3.39566
18.2264
-32.0284
5.25575
22.3051
0.199946
27.3954
-30.2568
42.9191
-26.2737
13.4874
5.96687
-6.09412
25.7336
-5.26937
16.9138
2.18726
-7.20227
6.9956
10.045
20.2948
56.6912
6.06521
22.9697
25.5335
5.45141
-2.89424
19.9567
-6.89499
5.59227

