100 0
101 0
102 0
103 0
104 0
105 0
106 0
107 0
108 0
109 0
110 0
111 0
112 0
113 0
114 0
115 0
116 0
117 0
118 0
119 0
120 0
121 0
122 0
123 0
124 0
125 0
126 0
127 0
128 0
129 0
130 0
131 0
132 0
133 0
134 0
135 0
136 0
137 0
138 0
139 0
140 0
141 0
142 0
143 0
144 0
145 0
146 0
147 0
148 0
149 0
150 0
151 0
152 0
153 0
154 0
155 0
156 0
157 0
158 0
159 0
160 0
161 0
162 0
163 0
164 0
165 0
166 0
167 0
168 0
169 0
170 0
171 0
172 0
173 0
174 0
175 0
176 0
177 0
178 0
179 0
180 0
181 0
182 0
183 0
184 0
185 0
186 0
187 0
188 0
189 0
190 0
191 0
192 0
193 0
194 0
195 0
196 0
197 0
198 0
199 0
200 0
201 0
202 0
203 0
204 0
205 0
206 0
207 0
208 0
209 0
210 0
211 0
212 0
213 0
214 0
215 0
216 0
217 0
218 0
219 0
220 0
221 0
222 0
223 0
224 0
225 0
226 0
227 0
228 0
229 0
230 0
231 0
232 0
233 0
234 0
235 0
236 0
237 0
238 0
239 0
240 0
241 0
242 0
243 0
244 0
245 0
246 0
247 0.001
248 0
249 0.001
250 0
251 0
252 0
253 0
254 0
255 0
256 0
257 0
258 0
259 0
260 0
261 0
262 0.001
263 0
264 0
265 0
266 0.001
267 0
268 0
269 0
270 0.001
271 0
272 0
273 0
274 0.002
275 0
276 0
277 0
278 0.002
279 0
280 0
281 0.002
282 0.004
283 0
284 0.002
285 0.003
286 0.001
287 0.001
288 0.001
289 0.001
290 0.004
291 0.003
292 0.003
293 0.004
294 0.003
295 0.004
296 0.003
297 0.001
298 0.005
299 0.005
300 0.003
301 0.006
302 0.007
303 0.006
304 0.007
305 0.002
306 0.011
307 0.009
308 0.006
309 0.006
310 0.006
311 0.009
312 0.006
313 0.007
314 0.007
315 0.005
316 0.011
317 0.016
318 0.009
319 0.014
320 0.015
321 0.012
322 0.019
323 0.011
324 0.01
325 0.012
326 0.014
327 0.017
328 0.019
329 0.023
330 0.019
331 0.032
332 0.019
333 0.022
334 0.023
335 0.021
336 0.034
337 0.028
338 0.026
339 0.033
340 0.024
341 0.021
342 0.03
343 0.044
344 0.032
345 0.032
346 0.04
347 0.035
348 0.046
349 0.033
350 0.04
351 0.05
352 0.047
353 0.042
354 0.047
355 0.045
356 0.046
357 0.066
358 0.067
359 0.048
360 0.045
361 0.063
362 0.056
363 0.071
364 0.063
365 0.064
366 0.071
367 0.059
368 0.08
369 0.088
370 0.068
371 0.096
372 0.075
373 0.089
374 0.085
375 0.078
376 0.091
377 0.094
378 0.095
379 0.096
380 0.093
381 0.098
382 0.113
383 0.085
384 0.093
385 0.101
386 0.109
387 0.095
388 0.119
389 0.132
390 0.122
391 0.142
392 0.111
393 0.156
394 0.136
395 0.133
396 0.159
397 0.133
398 0.155
399 0.154
400 0.148
401 0.141
402 0.165
403 0.162
404 0.158
405 0.154
406 0.158
407 0.168
408 0.155
409 0.201
410 0.196
411 0.18
412 0.197
413 0.198
414 0.206
415 0.195
416 0.201
417 0.205
418 0.188
419 0.222
420 0.223
421 0.202
422 0.2
423 0.235
424 0.237
425 0.242
426 0.239
427 0.221
428 0.242
429 0.255
430 0.259
431 0.249
432 0.25
433 0.257
434 0.267
435 0.289
436 0.296
437 0.266
438 0.292
439 0.291
440 0.313
441 0.282
442 0.31
443 0.311
444 0.302
445 0.329
446 0.306
447 0.275
448 0.325
449 0.326
450 0.33
451 0.329
452 0.336
453 0.362
454 0.363
455 0.348
456 0.35
457 0.353
458 0.363
459 0.368
460 0.367
461 0.372
462 0.38
463 0.348
464 0.378
465 0.355
466 0.404
467 0.398
468 0.391
469 0.407
470 0.417
471 0.424
472 0.413
473 0.423
474 0.418
475 0.409
476 0.418
477 0.423
478 0.456
479 0.437
480 0.437
481 0.441
482 0.461
483 0.441
484 0.429
485 0.453
486 0.469
487 0.451
488 0.472
489 0.466
490 0.489
491 0.491
492 0.482
493 0.468
494 0.491
495 0.524
496 0.513
497 0.531
498 0.532
499 0.485
500 0.511
501 0.508
502 0.506
503 0.509
504 0.548
505 0.504
506 0.54
507 0.547
508 0.542
509 0.554
510 0.543
511 0.564
512 0.531
513 0.566
514 0.541
515 0.547
516 0.564
517 0.57
518 0.577
519 0.575
520 0.599
521 0.576
522 0.573
523 0.591
524 0.594
525 0.606
526 0.593
527 0.6
528 0.599
529 0.573
530 0.588
531 0.624
532 0.629
533 0.613
534 0.628
535 0.618
536 0.639
537 0.643
538 0.616
539 0.628
540 0.639
541 0.638
542 0.631
543 0.646
544 0.66
545 0.656
546 0.683
547 0.647
548 0.674
549 0.674
550 0.669
551 0.693
552 0.674
553 0.682
554 0.66
555 0.658
556 0.698
557 0.698
558 0.702
559 0.69
560 0.708
561 0.692
562 0.691
563 0.704
564 0.735
565 0.685
566 0.715
567 0.724
568 0.721
569 0.719
570 0.732
571 0.708
572 0.732
573 0.738
574 0.753
575 0.718
576 0.729
577 0.739
578 0.726
579 0.739
580 0.758
581 0.752
582 0.766
583 0.734
584 0.739
585 0.76
586 0.717
587 0.753
588 0.741
589 0.77
590 0.761
591 0.746
592 0.766
593 0.752
594 0.786
595 0.769
596 0.772
597 0.781
598 0.773
599 0.779
600 0.792
601 0.785
602 0.781
603 0.789
604 0.802
605 0.787
606 0.82
607 0.79
608 0.765
609 0.77
610 0.809
611 0.805
612 0.795
613 0.8
614 0.82
615 0.808
616 0.802
617 0.814
618 0.836
619 0.823
620 0.823
621 0.812
622 0.832
623 0.825
624 0.83
625 0.833
626 0.825
627 0.836
628 0.829
629 0.837
630 0.847
631 0.829
632 0.86
633 0.839
634 0.853
635 0.856
636 0.845
637 0.844
638 0.844
639 0.856
640 0.85
641 0.862
642 0.863
643 0.841
644 0.843
645 0.861
646 0.853
647 0.841
648 0.859
649 0.851
650 0.879
651 0.853
652 0.866
653 0.865
654 0.863
655 0.855
656 0.864
657 0.883
658 0.868
659 0.863
660 0.878
661 0.875
662 0.872
663 0.876
664 0.894
665 0.887
666 0.897
667 0.89
668 0.882
669 0.883
670 0.878
671 0.891
672 0.894
673 0.89
674 0.897
675 0.893
676 0.887
677 0.9
678 0.884
679 0.892
680 0.918
681 0.905
682 0.907
683 0.896
684 0.878
685 0.901
686 0.895
687 0.916
688 0.927
689 0.936
690 0.89
691 0.904
692 0.918
693 0.909
694 0.905
695 0.9
696 0.925
697 0.908
698 0.909
699 0.923
700 0.911
701 0.916
702 0.914
703 0.912
704 0.898
705 0.927
706 0.925
707 0.911
708 0.926
709 0.923
710 0.929
711 0.921
712 0.93
713 0.928
714 0.921
715 0.939
716 0.921
717 0.912
718 0.921
719 0.927
720 0.94
721 0.937
722 0.933
723 0.948
724 0.943
725 0.938
726 0.946
727 0.943
728 0.939
729 0.951
730 0.94
731 0.955
732 0.928
733 0.933
734 0.935
735 0.949
736 0.936
737 0.934
738 0.948
739 0.938
740 0.942
741 0.959
742 0.932
743 0.957
744 0.942
745 0.955
746 0.938
747 0.942
748 0.949
749 0.945
750 0.949
751 0.945
752 0.945
753 0.942
754 0.938
755 0.952
756 0.946
757 0.944
758 0.947
759 0.947
760 0.967
761 0.945
762 0.951
763 0.952
764 0.959
765 0.953
766 0.956
767 0.969
768 0.952
769 0.952
770 0.965
771 0.961
772 0.958
773 0.967
774 0.955
775 0.945
776 0.957
777 0.968
778 0.957
779 0.952
780 0.959
781 0.952
782 0.963
783 0.965
784 0.966
785 0.975
786 0.97
787 0.953
788 0.972
789 0.962
790 0.969
791 0.971
792 0.972
793 0.963
794 0.969
795 0.963
796 0.968
797 0.974
798 0.97
799 0.974
800 0.963
801 0.97
802 0.971
803 0.967
804 0.971
805 0.971
806 0.975
807 0.967
808 0.966
809 0.968
810 0.975
811 0.968
812 0.975
813 0.968
814 0.973
815 0.971
816 0.98
817 0.973
818 0.974
819 0.975
820 0.981
821 0.983
822 0.968
823 0.977
824 0.969
825 0.973
826 0.974
827 0.975
828 0.977
829 0.983
830 0.972
831 0.977
832 0.981
833 0.985
834 0.981
835 0.98
836 0.975
837 0.987
838 0.977
839 0.974
840 0.98
841 0.985
842 0.981
843 0.977
844 0.981
845 0.984
846 0.98
847 0.981
848 0.984
849 0.982
850 0.976
851 0.979
852 0.983
853 0.981
854 0.984
855 0.985
856 0.984
857 0.982
858 0.982
859 0.985
860 0.982
861 0.982
862 0.983
863 0.983
864 0.993
865 0.98
866 0.984
867 0.985
868 0.99
869 0.987
870 0.978
871 0.982
872 0.978
873 0.987
874 0.98
875 0.988
876 0.978
877 0.99
878 0.985
879 0.987
880 0.984
881 0.987
882 0.996
883 0.986
884 0.985
885 0.984
886 0.985
887 0.987
888 0.978
889 0.985
890 0.989
891 0.991
892 0.986
893 0.99
894 0.989
895 0.991
896 0.989
897 0.984
898 0.983
899 0.989
900 0.992
901 0.985
902 0.987
903 0.997
904 0.988
905 0.988
906 0.988
907 0.993
908 0.989
909 0.985
910 0.989
911 0.995
912 0.993
913 0.993
914 0.989
915 0.99
916 0.991
917 0.992
918 0.988
919 0.99
920 0.987
921 0.991
922 0.995
923 0.991
924 0.992
925 0.988
926 0.995
927 0.989
928 0.988
929 0.993
930 0.995
931 0.986
932 0.989
933 0.996
934 0.99
935 0.99
936 0.996
937 0.993
938 0.993
939 0.995
940 0.992
941 0.992
942 0.995
943 0.993
944 0.994
945 0.991
946 0.99
947 0.994
948 0.999
949 0.993
950 0.992
951 0.995
952 0.993
953 0.989
954 0.994
955 0.992
956 0.99
957 0.995
958 0.997
959 0.994
960 0.995
961 0.994
962 0.997
963 0.992
964 0.995
965 0.99
966 0.993
967 0.998
968 0.995
969 0.997
970 0.993
971 0.997
972 0.993
973 0.993
974 0.993
975 0.993
976 0.995
977 0.992
978 0.995
979 0.997
980 0.995
981 0.993
982 0.997
983 0.996
984 0.997
985 0.995
986 0.994
987 0.997
988 0.998
989 0.997
990 0.998
991 0.996
992 0.994
993 0.995
994 0.994
995 0.996
996 0.997
997 0.995
998 0.993
999 0.996
