0 
1 
0.99646 
1.49912 
1.49904 
1.87374 
1.87668 
2.18864 
2.18806 
2.46242 
2.46636 
2.71146 
2.70786 
2.93648 
2.93836 
3.14388 
3.1442 
3.3463 
3.34262 
3.52814 
3.52608 
3.69976 
3.69952 
3.87038 
3.86974 
4.02554 
4.02708 
4.18298 
4.18022 
4.33108 
4.33014 
4.47828 
4.48258 
4.62476 
4.62706 
4.7613 
4.7628 
4.89548 
4.89792 
5.03134 
5.03168 
5.15818 
5.15444 
5.27898 
5.27446 
5.39924 
5.40134 
5.5228 
5.51778 
5.63482 
5.6373 
5.75112 
5.75286 
5.85886 
5.85656 
5.97258 
5.9694 
6.07148 
6.07418 
6.17922 
6.17878 
6.28496 
6.28384 
6.3798 
6.37656 
6.47688 
6.47554 
6.57812 
6.578 
6.67452 
6.673 
6.76744 
6.769 
6.86674 
6.85986 
6.95064 
6.95144 
7.04744 
7.0528 
7.14728 
7.15488 
7.2452 
7.24536 
7.32886 
7.32494 
7.41148 
7.4113 
7.50006 
7.50084 
7.58892 
7.58872 
7.67744 
7.67652 
7.7596 
7.75758 
7.84228 
7.84216 
7.9207 
7.91874 
7.99846 
7.99746 
8.08072 
8.0766 
8.15288 
8.15354 
8.2275 
8.2263 
8.30368 
8.30306 
8.38018 
8.37894 
8.45768 
8.45678 
8.52916 
8.52734 
8.59714 
8.597 
8.6676 
8.66512 
8.7348 
8.73408 
8.80174 
8.80682 
8.87476 
8.87748 
8.94556 
8.94594 
9.01942 
9.0185 
9.0875 
9.08492 
9.15462 
9.15848 
9.22474 
9.2207 
9.28992 
9.28708 
9.35764 
9.3611 
9.42842 
9.42454 
9.4898 
9.48942 
9.55586 
9.56032 
9.62264 
9.6284 
9.69248 
9.69702 
9.75598 
9.75884 
9.82336 
9.82706 
9.89398 
9.89134 
9.95154 
9.95088 
10.0155 
10.0126 
10.075 
10.0753 
10.1373 
10.1399 
10.2049 
10.2041 
10.2707 
10.2635 
10.3329 
10.3382 
10.4008 
10.4011 
10.4662 
10.467 
10.5262 
10.5223 
10.587 
10.5842 
10.6444 
10.6446 
10.7085 
10.707 
10.7685 
10.7725 
10.8338 
10.8346 
10.8901 
10.8887 
10.9483 
10.9461 
11.0003 
11.0023 
11.0632 
11.0612 
11.1195 
11.1191 
11.1775 
11.1795 
11.2413 
11.244 
11.3013 
11.303 
11.366 
11.366 
11.4216 
11.4191 
11.4702 
11.4682 
11.5227 
11.5312 
11.5846 
11.5837 
11.6344 
11.6288 
11.6837 
11.6849 
11.7415 
11.7377 
11.7925 
11.7949 
11.8493 
11.849 
11.9047 
11.9019 
11.9526 
11.9561 
12.0101 
12.0106 
12.0612 
12.0622 
12.1184 
12.12 
12.1693 
12.174 
12.2278 
12.2227 
12.268 
12.2614 
12.3162 
12.3155 
12.3626 
12.3665 
12.4137 
12.4142 
12.4696 
12.4673 
12.5188 
12.5163 
12.574 
12.5738 
12.6224 
12.622 
12.6701 
12.6666 
12.7148 
12.7179 
12.7711 
12.7699 
12.8194 
12.8185 
12.8667 
12.8695 
12.9146 
12.911 
12.9633 
12.9647 
13.0136 
13.0119 
13.0599 
13.0624 
13.1105 
13.1102 
13.1587 
13.1639 
13.2115 
13.2113 
13.2568 
13.2549 
13.3029 
13.2971 
13.3409 
13.344 
13.3926 
13.391 
13.4381 
13.4372 
13.4837 
13.4843 
13.5314 
13.5297 
13.5771 
13.5786 
13.6234 
13.6194 
13.6692 
13.6646 
13.7096 
13.7091 
13.7587 
13.7595 
13.8018 
13.8041 
13.8494 
13.8459 
13.8904 
13.8922 
13.9368 
13.9368 
13.9817 
13.9821 
14.0231 
14.0204 
14.065 
14.0603 
14.1092 
14.1077 
14.1566 
14.1559 
14.1996 
14.1942 
14.24 
14.2383 
14.2895 
14.2923 
14.3374 
14.3384 
14.3797 
14.3806 
14.421 
14.419 
14.4601 
14.4569 
14.505 
14.5069 
14.5503 
14.5547 
14.6016 
14.5997 
14.6462 
14.6413 
14.6864 
14.6856 
14.7309 
14.7289 
14.7751 
14.7738 
14.82 
14.8229 
14.8664 
14.8643 
14.9037 
14.9047 
14.9502 
14.9494 
14.9849 
14.9865 
15.03 
15.0313 
15.0768 
15.0742 
15.119 
15.1207 
15.159 
15.1565 
15.2017 
15.2021 
15.2436 
15.24 
15.2844 
15.2834 
15.3257 
15.3271 
15.3676 
15.3674 
15.4115 
15.4114 
15.4522 
15.4537 
15.4967 
15.4935 
15.532 
15.529 
15.5645 
15.5642 
15.6058 
15.6096 
15.6511 
15.6491 
15.6901 
15.6922 
15.7284 
15.727 
15.7678 
15.7638 
15.805 
15.8046 
15.8429 
15.8483 
15.8897 
15.8897 
15.9318 
15.9346 
15.9746 
15.9698 
16.0085 
16.0089 
16.0489 
16.0438 
16.0798 
16.0803 
16.1234 
16.1267 
16.1678 
16.1632 
16.1986 
16.2005 
16.2375 
16.2375 
16.2743 
16.2761 
16.318 
16.3202 
16.3558 
16.3588 
16.3956 
16.3923 
16.4332 
16.4287 
16.4683 
16.47 
16.5025 
16.5022 
16.541 
16.5362 
16.5774 
16.5735 
16.6114 
16.6134 
16.6511 
16.6497 
16.6857 
16.6861 
16.7294 
16.7331 
16.7648 
16.7615 
16.7949 
16.796 
16.8333 
16.8339 
16.8735 
16.873 
16.9115 
16.9121 
16.9515 
16.9549 
16.9886 
16.9892 
17.0296 
17.0274 
17.0692 
17.0771 
17.118 
17.123 
17.1634 
17.1633 
17.199 
17.199 
17.2328 
17.2365 
17.2736 
17.2734 
17.3152 
17.3156 
17.3543 
17.3583 
17.3974 
17.3972 
17.4344 
17.4347 
17.4762 
17.4737 
17.5138 
17.5122 
17.5487 
17.5464 
17.584 
17.5828 
17.623 
17.6242 
17.6568 
17.6541 
17.6929 
17.6902 
17.7286 
17.7311 
17.7687 
17.7672 
17.8021 
17.8031 
17.8364 
17.8372 
17.873 
17.8668 
17.9059 
17.9052 
17.9411 
17.9386 
17.975 
17.9726 
18.0141 
18.0149 
18.0499 
18.0543 
18.0866 
18.0809 
18.1177 
18.1127 
18.1484 
18.1453 
18.1789 
18.179 
18.218 
18.2228 
18.2608 
18.2616 
18.296 
18.2941 
18.3311 
18.3306 
18.3643 
18.3625 
18.398 
18.3965 
18.4337 
18.433 
18.4712 
18.4731 
18.5095 
18.5074 
18.5507 
18.5471 
18.5781 
18.576 
18.6124 
18.6113 
18.6485 
18.6508 
18.6873 
18.6893 
18.7169 
18.7124 
18.7479 
18.747 
18.7765 
18.7706 
18.8042 
18.8062 
18.8407 
18.8416 
18.873 
18.867 
18.9072 
18.904 
18.9394 
18.9373 
18.9678 
18.9655 
18.9998 
18.9952 
19.0325 
19.0314 
19.0683 
19.0689 
19.1041 
19.1082 
19.1375 
19.1398 
19.1728 
19.1674 
19.2006 
19.2018 
19.2344 
19.2318 
19.2642 
19.262 
19.2976 
19.2998 
19.3368 
19.3382 
19.3622 
19.3654 
19.3968 
19.3965 
19.428 
19.4329 
19.4636 
19.4621 
19.4916 
19.4826 
19.5105 
19.5115 
19.5479 
19.5529 
19.5861 
19.5883 
19.6232 
19.623 
19.6597 
19.6642 
19.6952 
19.691 
19.7242 
19.7239 
19.7579 
19.7576 
19.7926 
19.792 
19.8238 
19.8243 
19.8571 
19.8558 
19.89 
19.8815 
19.9135 
19.9134 
19.9453 
19.943 
19.9756 
19.9775 
20.012 
20.0079 
20.0384 
20.0366 
20.0642 
20.0655 
20.1023 
20.1013 
20.1337 
20.1322 
20.1569 
20.1569 
20.1865 
20.1788 
20.2121 
20.2102 
20.2438 
20.2399 
20.2683 
20.2695 
20.2996 
20.3024 
20.3361 
20.3332 
20.3675 
20.3705 
20.4026 
20.4026 
20.4384 
20.4362 
20.472 
20.4725 
20.5039 
20.5018 
20.5359 
20.5327 
20.566 
20.5654 
20.5995 
20.596 
20.6259 
20.6256 
20.6607 
20.6604 
20.6931 
20.6954 
20.7254 
20.7259 
20.7549 
20.7538 
20.7863 
20.7848 
20.8162 
20.8162 
20.8516 
20.8579 
20.8904 
20.8921 
20.921 
20.9251 
20.9506 
20.9468 
20.9784 
20.981 
21.0153 
21.0173 
21.0456 
21.0484 
21.0792 
21.0824 
21.1116 
21.1107 
21.1422 
21.1436 
21.1752 
21.1752 
21.2056 
21.205 
21.233 
21.2336 
21.2567 
21.2612 
21.2936 
21.2924 
21.3285 
21.3318 
21.3647 
21.3614 
21.3939 
21.3975 
21.4264 
21.4323 
21.4643 
21.462 
21.494 
21.4909 
21.5188 
21.5215 
21.5496 
21.5515 
21.5882 
21.5836 
21.6125 
21.6148 
21.6439 
21.64 
21.6709 
21.672 
21.7038 
21.7044 
21.7333 
21.7328 
21.7612 
21.7613 
21.7877 
21.7865 
21.817 
21.8117 
21.8417 
21.8406 
21.8646 
21.8622 
21.8964 
21.9058 
21.9306 
21.9296 
21.9607 
21.9633 
21.995 
21.9913 
22.022 
22.0245 
22.0494 
22.0488 
22.0753 
22.0714 
22.1026 
22.1018 
22.1301 
22.128 
22.153 
22.1505 
22.1816 
22.1763 
22.2 
22.1951 
22.2266 
22.2251 
22.2553 
22.2549 
22.2846 
22.2861 
22.3175 
22.3154 
22.3471 
22.3496 
22.3739 
22.3668 
22.3931 
22.392 
22.4213 
22.4237 
22.453 
22.4527 
22.4751 
22.4751 
22.5034 
22.5043 
22.5326 
22.5329 
22.5611 
22.5586 
22.5858 
22.5883 
22.616 
22.6176 
22.6495 
22.6519 
22.6843 
22.6834 
22.7156 
22.7142 
22.7431 
22.7389 
22.7672 
22.7643 
22.7921 
22.7909 
22.8139 
22.8108 
22.8371 
22.8378 
22.8607 
22.8588 
22.8843 
22.8885 
22.9195 
22.9188 
22.9456 
22.9449 
22.974 
22.9709 
22.9972 
22.9953 
23.0185 
23.0196 
23.0496 
23.0526 
23.0797 
23.0835 
23.1098 
23.1096 
23.1372 
23.1374 
23.1653 
23.1674 
23.1922 
23.192 
23.2178 
23.215 
23.2395 
23.2444 
23.2739 
23.2766 
23.3037 
23.3047 
23.3332 
23.3328 
23.3632 
23.3613 
23.3901 
23.3915 
23.4151 
23.4158 
23.4449 
23.4485 
23.4777 
23.4748 
23.5008 
23.5003 
23.5259 
23.5192 
23.547 
23.5454 
23.5714 
23.5775 
23.6021 
23.6017 
23.6278 
23.6298 
23.6567 
23.655 
23.6834 
23.6835 
23.7104 
23.7173 
23.7409 
23.7367 
23.7616 
23.7619 
23.7902 
23.7945 
23.8201 
23.8207 
23.8455 
23.8442 
23.874 
23.8729 
23.9026 
23.9081 
23.9344 
23.9332 
23.952 
23.948 
23.9706 
23.9708 
23.9985 
23.9988 
24.021 
24.0159 
24.0441 
24.044 
24.0735 
24.0735 
24.0943 
24.0918 
24.118 
24.1148 
24.1372 
24.1341 
24.1566 
24.1627 
24.1961 
24.1966 
24.2162 
24.2177 
24.2465 
24.2451 
24.2709 
24.277 
24.3061 
24.3013 
24.3315 
24.327 
24.3528 
24.3479 
24.3656 
24.3613 
24.3879 
24.3869 
24.4132 
24.415 
24.4487 
24.4473 
24.4799 
24.4766 
24.5011 
24.5034 
24.5216 
24.517 
24.5387 
24.5404 
24.569 
24.5701 
24.6 
24.5943 
24.6197 
24.6202 
24.6464 
24.6401 
24.6648 
24.6624 
24.6923 
24.6904 
24.7185 
24.7212 
24.7446 
24.7402 
24.77 
24.7666 
24.7951 
24.7964 
24.8197 
24.8172 
24.844 
24.841 
24.8676 
24.8708 
24.8938 
24.8929 
24.9229 
24.9203 
24.947 
24.9532 
24.979 
24.9819 
25.0085 
25.0061 
25.0274 
25.0236 
25.0513 
25.0534 
25.0787 
25.0777 
25.102 
25.1008 
25.1248 
25.121 
25.15 
25.151 
25.1748 
25.1738 
25.1982 
25.2023 
25.2201 
25.2236 
25.2474 
25.2444 
25.2697 
25.2671 
25.2954 
25.2898 
25.3132 
25.3125 
25.3344 
25.3357 
25.363 
25.3589 
25.3875 
25.3858 
25.4088 
25.4077 
25.4317 
25.4285 
25.4544 
25.4563 
25.4794 
25.4786 
25.5022 
25.4999 
25.5205 
25.5189 
25.5466 
25.5476 
25.5661 
25.5659 
25.5935 
25.5968 
25.6222 
25.6215 
25.6474 
25.6475 
25.6793 
25.6759 
25.6985 
25.6984 
25.7213 
25.7266 
25.7539 
25.755 
25.7804 
25.7774 
25.8059 
25.8063 
25.8316 
25.8263 
25.8567 
25.855 
25.8817 
25.884 
25.916 
25.9153 
25.9397 
25.9402 
25.955 
25.9579 
25.9817 
25.9768 
25.9999 
26.0048 
26.0286 
26.0248 
26.0536 
26.0543 
26.0768 
26.0769 
26.1009 
26.1 
26.1226 
26.1217 
26.1433 
26.1443 
26.1741 
26.1698 
26.1943 
26.1968 
26.222 
26.2183 
26.2459 
26.2454 
26.2759 
26.2752 
26.2981 
26.2996 
26.3218 
26.3233 
26.3486 
26.3488 
26.3675 
26.3644 
26.3856 
26.3913 
26.4147 
26.4149 
26.4423 
26.4403 
26.4645 
26.4645 
26.4881 
26.488 
26.5106 
26.5137 
26.5346 
26.5321 
26.5506 
26.5501 
26.5774 
26.5783 
26.6114 
26.609 
26.6381 
26.6331 
26.6587 
26.6567 
26.6799 
26.6788 
26.7058 
26.7038 
26.7237 
26.7226 
26.7426 
26.7432 
26.7635 
26.7642 
26.7855 
26.7819 
26.8078 
26.8072 
26.8245 
26.8271 
26.8573 
26.8597 
26.8816 
26.8854 
26.9119 
26.907 
26.9298 
26.927 
26.955 
26.9501 
26.9717 
26.9673 
26.9878 
26.99 
27.0199 
27.0242 
27.0458 
27.0509 
27.0703 
27.0735 
27.0931 
27.0898 
27.1105 
27.1133 
27.1394 
27.144 
27.1769 
27.1776 
27.204 
27.2031 
27.229 
27.2304 
27.2515 
27.2555 
27.2768 
27.2736 
27.2911 
27.2913 
27.3109 
27.3151 
27.339 
27.3379 
27.3512 
27.3491 
27.378 
27.3783 
27.3966 
27.4041 
27.4273 
27.4287 
27.4579 
27.4539 
27.4745 
27.4681 
27.4903 
27.4906 
27.5104 
27.5161 
27.5364 
27.5298 
27.5521 
27.5532 
27.577 
27.5774 
27.5948 
27.5933 
27.6143 
27.6129 
27.6302 
27.6263 
27.6486 
27.648 
27.6724 
27.6718 
27.6981 
27.6973 
27.718 
27.716 
27.7375 
27.7353 
27.7605 
27.7662 
27.7883 
27.7878 
27.8114 
27.8156 
27.839 
27.8392 
27.8581 
27.8576 
27.8785 
27.877 
27.9031 
27.899 
27.9259 
27.9254 
27.9522 
27.9491 
27.9749 
27.9709 
27.9944 
27.994 
28.0137 
28.0127 
28.0371 
28.0366 
28.0616 
28.0637 
28.0832 
28.0809 
28.1062 
28.1075 
28.131 
28.1306 
28.1559 
28.1574 
28.1833 
28.1864 
28.2098 
28.2139 
28.2314 
28.2321 
28.2527 
28.2494 
28.2722 
28.2685 
28.2885 
28.2917 
28.3158 
28.3168 
28.3462 
28.3481 
28.3693 
28.3675 
28.3861 
28.3841 
28.4073 
28.4073 
28.4346 
28.4296 
28.4532 
28.4572 
28.4807 
28.4795 
28.5003 
28.4997 
28.5248 
28.5289 
28.5539 
28.5492 
28.5745 
28.5781 
28.5985 
28.5975 
28.6196 
28.6149 
28.638 
28.6324 
28.6528 
28.6567 
28.6797 
28.6825 
28.7103 
28.7125 
28.7357 
28.7339 
28.7573 
28.7588 
28.7868 
28.7819 
28.8064 
28.8093 
28.8334 
28.8369 
28.862 
28.8634 
28.8844 
28.8784 
28.9008 
28.8994 
28.9225 
28.9211 
28.9413 
28.9409 
28.9614 
28.9683 
28.9929 
28.9971 
29.019 
29.0205 
29.0411 
29.0374 
29.0585 
29.0622 
29.084 
29.0849 
29.1103 
29.1109 
29.1332 
29.1442 
29.163 
29.1658 
29.1878 
29.1842 
29.2017 
29.1993 
29.2238 
29.2263 
29.2488 
29.252 
29.2737 
29.2706 
29.285 
29.2804 
29.2978 
29.3014 
29.3237 
29.3292 
29.3459 
29.3428 
29.3681 
29.3658 
29.3857 
29.3809 
29.4031 
29.4036 
29.4268 
29.4286 
29.4455 
29.4486 
29.472 
29.4731 
29.4929 
29.4916 
29.5101 
29.5121 
29.5378 
29.5416 
29.5657 
29.5642 
29.5784 
29.578 
29.6029 
29.6002 
29.6211 
29.6219 
29.6431 
29.639 
29.6663 
29.6667 
29.6903 
29.6898 
29.7138 
29.7107 
29.7294 
29.7306 
29.7521 
29.7516 
29.7732 
29.7817 
29.8026 
29.7986 
29.8231 
29.8243 
29.8465 
29.8494 
29.8699 
29.8696 
29.887 
29.8851 
29.9043 
29.9073 
29.9311 
29.923 
29.9437 
29.9435 
29.9626 
29.9713 
29.9887 
29.9934 
30.0106 
30.0095 
30.0279 
30.0269 
30.0553 
30.0512 
30.0755 
30.0788 
30.0994 
30.0972 
30.1212 
30.1276 
30.1523 
30.1503 
30.1698 
30.1713 
30.193 
30.1997 
30.2251 
30.2249 
30.2432 
30.2434 
30.267 
30.2679 
30.2831 
30.2796 
30.3033 
30.3032 
30.3271 
30.3218 
30.3432 
30.3489 
30.3718 
30.3727 
30.3914 
30.3874 
30.4055 
30.4065 
30.4299 
30.4319 
30.4539 
30.4543 
30.4815 
30.4837 
30.5132 
30.5142 
30.5312 
30.5267 
30.545 
30.5466 
30.5601 
30.5615 
30.5822 
30.5784 
30.5961 
30.5915 
30.6133 
30.6184 
30.6397 
30.6432 
30.6606 
30.6583 
30.6796 
30.6781 
30.7029 
30.7028 
30.7241 
30.7254 
30.7447 
30.7387 
30.7628 
30.7614 
30.7824 
30.7865 
30.8138 
30.8146 
30.8326 
30.8332 
30.8492 
30.8464 
30.8748 
30.8764 
30.8992 
30.8974 
30.9198 
30.9161 
30.9351 
30.932 
30.9569 
30.9639 
30.9834 
30.9798 
30.9972 
30.9959 
31.0149 
31.0138 
31.0341 
31.0333 
31.0544 
31.0549 
31.0742 
31.0697 
31.0929 
31.0945 
31.1062 
31.1102 
31.1337 
31.1299 
31.1536 
31.1527 
31.1754 
31.1736 
31.1949 
31.1942 
31.2144 
31.2157 
31.2375 
31.2336 
31.2497 
31.2531 
31.2738 
31.2742 
31.2972 
31.2964 
31.3159 
31.3152 
31.3421 
31.3399 
31.3611 
31.3603 
31.3755 
31.3746 
31.3875 
31.3899 
31.4106 
31.4113 
31.4253 
31.4206 
31.4466 
31.4495 
31.4734 
31.4767 
31.4977 
31.4995 
31.5137 
31.5137 
31.534 
31.5414 
31.5545 
31.5534 
31.5737 
31.5762 
31.5959 
31.5955 
31.6169 
31.6153 
31.6354 
31.6321 
31.6524 
31.6472 
31.667 
31.6655 
31.6898 
31.6914 
31.7136 
31.7165 
31.7386 
31.7388 
31.76 
31.7634 
31.7852 
31.7838 
31.8054 
31.8052 
31.8247 
31.8225 
31.8459 
31.8483 
31.8644 
31.8657 
31.8842 
31.8879 
31.9072 
31.912 
31.9245 
31.9322 
31.9557 
31.9558 
31.9745 
31.9762 
31.9973 
31.9948 
32.0095 
32.0112 
32.032 
32.0338 
32.0508 
32.0555 
32.0759 
32.0764 
32.0971 
32.1043 
32.1215 
32.1221 
32.1387 
32.1405 
32.1608 
32.1602 
32.1859 
32.1852 
32.2059 
32.2086 
32.2222 
32.2222 
32.2457 
32.2449 
32.2645 
32.2646 
32.283 
32.2888 
32.3125 
32.3149 
32.3337 
32.3316 
32.3514 
32.3496 
32.367 
32.3647 
32.3769 
32.3758 
32.3955 
32.3984 
32.416 
32.4143 
32.4324 
32.4289 
32.4441 
32.4454 
32.4685 
32.4652 
32.4894 
32.4895 
32.5096 
32.5145 
32.5317 
32.5321 
32.5556 
32.5535 
32.5724 
32.5731 
32.5919 
32.5902 
32.6111 
32.607 
32.6265 
32.6277 
32.6469 
32.6477 
32.6687 
32.671 
32.6936 
32.6915 
32.7061 
32.7093 
32.7295 
32.7215 
32.7361 
32.7336 
32.7556 
32.7539 
32.7757 
32.7757 
32.7916 
32.7883 
32.8093 
32.8137 
32.8356 
32.8379 
32.8622 
32.866 
32.8844 
32.8798 
32.8945 
32.9016 
32.9212 
32.9201 
32.9366 
32.9352 
32.9525 
32.9531 
32.9741 
32.9758 
32.9924 
32.9889 
33.0072 
33.0081 
33.0264 
33.0253 
33.0495 
33.0496 
33.0679 
33.0625 
33.0865 
33.0872 
33.1108 
33.1068 
33.1299 
33.1274 
33.1441 
33.1461 
33.1677 
33.1649 
33.1811 
33.1794 
33.1901 
33.1899 
33.2078 
33.2041 
33.2223 
33.2189 
33.2391 
33.2325 
33.2523 
33.2493 
33.2653 
33.2588 
33.2826 
33.2866 
33.3052 
33.3053 
33.3254 
33.3206 
33.3387 
33.3354 
33.3581 
33.3609 
33.384 
33.3866 
33.4035 
33.4028 
33.4184 
33.4177 
33.4304 
33.4293 
33.4485 
33.4474 
33.4687 
33.465 
33.4818 
33.4825 
33.4978 
33.4961 
33.516 
33.5165 
33.5311 
33.5296 
33.5485 
33.5448 
33.563 
33.5595 
33.5783 
33.5779 
33.5998 
33.5966 
33.6103 
33.6093 
33.632 
33.6357 
33.6529 
33.6537 
33.6674 
33.6667 
33.6862 
33.6876 
33.7085 
33.7093 
33.7256 
33.7225 
33.7475 
33.7449 
33.7621 
33.7608 
33.7751 
33.7754 
33.79 
33.7879 
33.8085 
33.8078 
33.8249 
33.8229 
33.8397 
33.8402 
33.8639 
33.8609 
33.8805 
33.8825 
33.8979 
33.8995 
33.9146 
33.9139 
33.9342 
33.9408 
33.9612 
33.9598 
33.9798 
33.9801 
33.9971 
34.0019 
34.0181 
34.0182 
34.0395 
34.0413 
34.0585 
34.0542 
34.0747 
34.0754 
34.0935 
34.0933 
34.1163 
34.1188 
34.1379 
34.1326 
34.1513 
34.1476 
34.1665 
34.1644 
34.1833 
34.1814 
34.2054 
34.2024 
34.2246 
34.2286 
34.2488 
34.2461 
34.2664 
34.2644 
34.2877 
34.2861 
34.3016 
34.2989 
34.3178 
34.3173 
34.3344 
34.333 
34.352 
34.3535 
34.374 
34.3783 
34.3957 
34.3967 
34.4153 
34.4132 
34.433 
34.4366 
34.4531 
34.4512 
34.4641 
34.4655 
34.4796 
34.4791 
34.4992 
34.4976 
34.5152 
34.5156 
34.5383 
34.5378 
34.5518 
34.5476 
34.5679 
34.5677 
34.5872 
34.5791 
34.5957 
34.596 
34.6143 
34.6117 
34.6295 
34.636 
34.6545 
34.6543 
34.6751 
34.6721 
34.6863 
34.6835 
34.7069 
34.705 
34.7186 
34.7194 
34.7345 
34.7339 
34.7565 
34.7558 
34.7725 
34.7739 
34.7987 
34.7905 
34.8049 
34.8073 
34.8273 
34.8252 
34.8481 
34.845 
34.8635 
34.865 
34.8811 
34.8797 
34.8963 
34.8981 
34.9178 
34.9146 
34.9324 
34.9333 
34.9441 
34.9463 
34.9634 
34.9635 
34.9821 
34.9789 
34.9954 
34.9987 
35.0123 
35.0135 
35.0262 
35.0294 
35.0466 
35.0451 
35.0569 
35.0584 
35.0793 
35.0796 
35.0979 
35.0983 
35.1187 
35.1163 
35.1341 
35.1327 
35.1503 
35.1547 
35.1756 
35.1777 
35.1932 
35.1917 
35.2079 
35.2138 
35.2335 
35.2337 
35.2525 
35.2467 
35.267 
35.2694 
35.2851 
35.2847 
35.3024 
35.3033 
35.3206 
35.3241 
35.3416 
35.3402 
35.3591 
35.3595 
35.3758 
35.3724 
35.3817 
35.3866 
35.4064 
35.4068 
35.4228 
35.4215 
35.442 
35.4402 
35.4599 
35.4604 
35.4769 
35.4734 
35.4972 
35.4883 
35.5113 
35.5139 
35.53 
35.5317 
35.5455 
35.5407 
35.5568 
35.5518 
35.5698 
35.5764 
35.5981 
35.5993 
35.6147 
35.6158 
35.6339 
35.6381 
35.6504 
35.6506 
35.6718 
35.6773 
35.6974 
35.6997 
35.7187 
35.7146 
35.7319 
35.731 
35.7537 
35.7499 
35.77 
35.771 
35.7914 
35.789 
35.8002 
35.7927 
35.81 
35.8074 
35.826 
35.8306 
35.8461 
35.8427 
35.8616 
35.8624 
35.8792 
35.8793 
35.8948 
35.8912 
35.9045 
35.9084 
35.9195 
35.9197 
35.9345 
35.9354 
35.954 
35.9498 
35.9659 
35.9644 
35.9858 
35.9909 
36.0086 
36.0147 
36.0346 
36.0354 
36.0494 
36.0528 
36.0701 
36.0703 
36.0855 
36.0837 
36.1015 
36.1025 
36.1243 
36.1236 
36.1383 
36.1451 
36.1639 
36.1578 
36.1774 
36.1756 
36.1885 
36.1927 
36.2154 
36.2184 
36.2309 
36.2279 
36.2446 
36.2478 
36.267 
36.264 
36.2786 
36.2774 
36.297 
36.2983 
36.3154 
36.3128 
36.3363 
36.3362 
36.3544 
36.3562 
36.3743 
36.3762 
36.3875 
36.3828 
36.3977 
36.3935 
36.4157 
36.4141 
36.4296 
36.4318 
36.4502 
36.4487 
36.4723 
36.4716 
36.491 
36.4898 
36.505 
36.5025 
36.5166 
36.5145 
36.5309 
36.5299 
36.5505 
36.549 
36.5661 
36.5678 
36.5843 
36.591 
36.6091 
36.6115 
36.6315 
36.63 
36.6491 
36.6502 
36.6671 
36.6686 
36.6903 
36.6889 
36.7035 
36.7024 
36.7186 
36.7105 
36.7231 
36.7214 
36.7385 
36.7382 
36.7525 
36.7472 
36.7619 
36.7586 
36.7773 
36.778 
36.7972 
36.7935 
36.8163 
36.8197 
36.8333 
36.8342 
36.8539 
36.8521 
36.8772 
36.8803 
36.8956 
36.8935 
36.9094 
36.9022 
36.9163 
36.9119 
36.9289 
36.9316 
36.9486 
36.944 
36.9606 
36.9587 
36.9732 
36.9702 
36.9886 
36.9893 
37.0003 
36.998 
37.0122 
37.013 
37.0304 
37.0304 
37.0481 
37.0443 
37.0626 
37.0599 
37.0766 
37.0783 
37.0983 
37.0978 
37.1146 
37.1121 
37.13 
37.1317 
37.1455 
37.1478 
37.1617 
37.1555 
37.175 
37.1771 
37.1933 
37.1917 
37.211 
37.2111 
37.2278 
37.2312 
37.2488 
37.2472 
37.2653 
37.2655 
37.2851 
37.286 
37.3053 
37.3039 
37.3157 
37.3121 
37.3289 
37.3284 
37.3421 
37.3411 
37.3535 
37.3504 
37.3684 
37.368 
37.3809 
37.3824 
37.3967 
37.3997 
37.413 
37.4144 
37.4293 
37.4308 
37.4434 
37.4419 
37.4604 
37.4568 
37.4768 
37.48 
37.5009 
37.5013 
37.5222 
37.5275 
37.5446 
37.545 
37.5648 
37.5673 
37.5824 
37.5822 
37.5915 
37.5847 
37.6012 
37.6047 
37.6201 
37.6255 
37.6435 
37.6475 
37.6642 
37.6634 
37.6853 
37.6783 
37.697 
37.6949 
37.7122 
37.7132 
37.7339 
37.7314 
37.753 
37.7579 
37.7765 
37.7779 
37.7984 
37.7967 
37.8144 
37.8158 
37.8301 
37.8316 
37.8438 
37.8421 
37.8545 
37.8562 
37.8733 
37.8735 
37.8891 
37.8883 
37.9037 
37.9008 
37.9181 
37.9141 
37.9319 
37.9277 
37.9429 
37.9439 
37.9632 
37.9615 
37.9748 
37.9736 
37.9875 
37.9869 
38.0004 
38.0016 
38.0153 
38.0156 
38.0282 
38.0268 
38.0468 
38.0451 
38.0605 
38.0556 
38.0726 
38.0719 
38.0892 
38.0907 
38.107 
38.0996 
38.1199 
38.1212 
38.1344 
38.1366 
38.1539 
38.1557 
38.1707 
38.1712 
38.191 
38.1914 
38.2067 
38.2057 
38.2253 
38.227 
38.2436 
38.2436 
38.2575 
38.2595 
38.2801 
38.2848 
38.2957 
38.2954 
38.3167 
38.3159 
38.336 
38.3358 
38.3498 
38.3508 
38.3624 
38.3647 
38.3821 
38.3886 
38.4088 
38.4092 
38.4252 
38.4234 
38.4393 
38.4425 
38.4598 
38.4586 
38.4727 
38.476 
38.4956 
38.4973 
38.5142 
38.51 
38.5272 
38.5251 
38.539 
38.541 
38.5528 
38.5548 
38.5748 
38.5758 
38.5929 
38.5857 
38.6007 
38.6021 
38.6167 
38.6143 
38.6316 
38.6318 
38.6507 
38.6528 
38.6783 
38.6765 
38.691 
38.6916 
38.7009 
38.6972 
38.7099 
38.7173 
38.7321 
38.7396 
38.7567 
38.7545 
38.7752 
38.7726 
38.7906 
38.7892 
38.8022 
38.8021 
38.82 
38.8216 
38.8396 
38.8434 
38.8584 
38.8581 
38.8744 
38.8818 
38.8977 
38.8982 
38.9141 
38.9156 
38.9315 
38.9269 
38.9434 
38.9404 
38.9546 
38.9571 
38.9746 
38.9738 
38.991 
38.9901 
39.0014 
38.9993 
39.0163 
39.0171 
39.0301 
39.0273 
39.0408 
39.0416 
39.0568 
39.0566 
39.0695 
39.0666 
39.0811 
39.0774 
39.0941 
39.0945 
39.1106 
39.1152 
39.1356 
39.136 
39.15 
39.1532 
39.1678 
39.1727 
39.1922 
39.1945 
39.2091 
39.2095 
39.2217 
39.2211 
39.2367 
39.2366 
39.2541 
39.2553 
39.2706 
39.2727 
39.2939 
39.2941 
39.3061 
39.3014 
39.3209 
39.3178 
39.334 
39.3299 
39.3466 
39.3518 
39.3613 
39.3602 
39.3741 
39.3736 
39.3897 
39.3934 
39.4065 
39.4037 
39.4212 
39.425 
39.4385 
39.4412 
39.4583 
39.4593 
39.4724 
39.4783 
39.4923 
39.4951 
39.5132 
39.5136 
39.5298 
39.5283 
39.5402 
39.5406 
39.5551 
39.5544 
39.5686 
39.5716 
39.5851 
39.5886 
39.6039 
39.6035 
39.6199 
39.6179 
39.6326 
39.6313 
39.6482 
39.6481 
39.657 
39.6541 
39.6695 
39.6725 
39.6883 
39.6813 
39.6945 
39.6944 
39.7118 
39.7116 
39.7271 
39.7269 
39.7417 
39.7442 
39.7661 
39.7657 
39.7765 
39.775 
39.7923 
39.7956 
39.8082 
39.8106 
39.8291 
39.8267 
39.8421 
39.8431 
39.8641 
39.8674 
39.8876 
39.891 
39.9088 
39.9114 
39.93 
39.9344 
39.9559 
39.9656 
39.9834 
39.9802 
39.9981 
40.0006 
40.0099 
40.0097 
40.0242 
40.0243 
40.0431 
40.0408 
40.0569 
40.0568 
40.0722 
40.0687 
40.0828 
40.0783 
40.0949 
40.0961 
40.1128 
40.1132 
40.1303 
40.1348 
40.1532 
40.1544 
40.1729 
40.1694 
40.1818 
40.1828 
40.1929 
40.1954 
40.2094 
40.2085 
40.2228 
40.2237 
40.2353 
40.2336 
40.2501 
40.2514 
40.2648 
40.2666 
40.2826 
40.283 
40.2959 
40.2941 
40.3116 
40.3091 
40.323 
40.3221 
40.3323 
40.3307 
40.3398 
40.3356 
40.3509 
40.3574 
40.372 
40.3714 
40.3855 
40.3864 
40.4079 
40.4122 
40.4333 
40.4322 
40.4495 
40.4493 
40.4668 
40.4679 
40.4873 
40.4866 
40.505 
40.5108 
40.5216 
40.5244 
40.544 
40.5437 
40.5582 
40.5614 
40.5759 
40.5759 
40.5868 
40.5881 
40.6031 
40.6025 
40.6153 
40.6098 
40.6208 
40.6198 
40.6353 
40.6299 
40.6429 
40.6436 
40.6576 
40.6574 
40.6736 
40.6708 
40.6833 
40.6838 
40.7002 
40.6981 
40.7128 
40.7079 
40.7232 
40.7168 
40.729 
40.7286 
40.7386 
40.7372 
40.7517 
40.7563 
40.7759 
40.7777 
40.7919 
40.7932 
40.8084 
40.8076 
40.8293 
40.8273 
40.8453 
40.8487 
40.8653 
40.8666 
40.8829 
40.8788 
40.8919 
40.8909 
40.9091 
40.9092 
40.921 
40.9178 
40.9354 
40.9363 
40.9508 
40.9514 
40.9694 
40.9706 
40.9813 
40.9822 
40.9986 
41.0044 
41.0186 
41.0164 
41.0298 
41.0286 
41.0401 
41.0376 
41.0506 
41.0508 
41.0667 
41.0665 
41.0944 
41.0954 
41.1123 
41.1169 
41.1328 
41.1337 
41.1501 
41.1518 
41.1681 
41.1695 
41.186 
41.189 
41.197 
41.1934 
41.2067 
41.2066 
41.2218 
41.2259 
41.2374 
41.2375 
41.2513 
41.2505 
41.2682 
41.2632 
41.2819 
41.2823 
41.2992 
41.3021 
41.3184 
41.3206 
41.3376 
41.3422 
41.3631 
41.3672 
41.3821 
41.3815 
41.3992 
41.3994 
41.4145 
41.4098 
41.4278 
41.4286 
41.4376 
41.4386 
41.456 
41.4539 
41.4774 
41.4745 
41.4931 
41.4893 
41.5031 
41.5066 
41.5158 
41.5156 
41.5314 
41.527 
41.5423 
41.5422 
41.5557 
41.5571 
41.5725 
41.5722 
41.586 
41.585 
41.6003 
41.6028 
41.6145 
41.6129 
41.63 
41.6291 
41.6448 
41.6452 
41.6572 
41.6533 
41.6674 
41.6729 
41.6875 
41.6829 
41.6939 
41.6954 
41.7089 
41.7099 
41.7249 
41.7248 
41.7376 
41.7362 
41.7499 
41.7433 
41.7618 
41.7668 
41.7828 
41.7842 
41.7898 
41.7899 
41.8035 
41.8066 
41.8258 
41.8237 
41.842 
41.8423 
41.8499 
41.8522 
41.8682 
41.8625 
41.8778 
41.8772 
41.8935 
41.8962 
41.9115 
41.9164 
41.9322 
41.9343 
41.9529 
41.9512 
41.967 
41.967 
41.9828 
41.9849 
41.9993 
42.0004 
42.0104 
42.0162 
42.03 
42.0281 
42.038 
42.038 
42.0514 
42.0506 
42.0733 
42.0765 
42.0952 
42.0996 
42.1126 
42.1093 
42.1206 
42.114 
42.1271 
42.1289 
42.1422 
42.1486 
42.1602 
42.164 
42.1807 
42.1796 
42.1954 
42.1969 
42.206 
42.2064 
42.2262 
42.2225 
42.2453 
42.2452 
42.2652 
42.2671 
42.2806 
42.275 
42.2863 
42.2909 
42.3084 
42.3086 
42.3201 
42.325 
42.3339 
42.3413 
42.3514 
42.3488 
42.363 
42.3643 
42.3775 
42.3828 
42.3983 
42.3977 
42.4112 
42.4106 
42.4192 
42.4199 
42.4359 
42.4329 
42.4509 
42.4456 
42.4602 
42.4526 
42.4682 
42.4683 
42.4808 
42.4786 
42.4954 
42.4924 
42.5063 
42.5076 
42.5253 
42.5241 
42.5409 
42.5365 
42.5532 
42.5508 
42.5646 
42.5663 
42.5862 
42.5876 
42.6093 
42.6102 
42.6229 
42.6201 
42.6323 
42.6318 
42.649 
42.6499 
42.6655 
42.6701 
42.685 
42.6843 
42.7001 
42.6982 
42.7105 
42.7122 
42.7284 
42.7311 
42.7522 
42.7492 
42.7689 
42.7633 
42.7762 
42.7745 
42.791 
42.7926 
42.8095 
42.8135 
42.83 
42.8304 
42.8447 
42.8499 
42.8681 
42.8691 
42.8804 
42.8831 
42.8976 
42.8928 
42.9094 
42.9129 
42.9243 
42.9251 
42.9421 
42.9442 
42.9633 
42.962 
42.9759 
42.9768 
42.9943 
42.9973 
43.0126 
43.0156 
43.0225 
43.0269 
43.0384 
43.0352 
43.0491 
43.0453 
43.0548 
43.0573 
43.0699 
43.0673 
43.0848 
43.085 
43.1058 
43.1062 
43.1217 
43.1239 
43.1418 
43.1433 
43.1548 
43.1522 
43.1678 
43.1656 
43.1813 
43.1805 
43.1966 
43.196 
43.2106 
43.2083 
43.2186 
43.2213 
43.2346 
43.2333 
43.2507 
43.2554 
43.2676 
43.2635 
43.2783 
43.282 
43.2967 
43.2967 
43.3098 
43.3106 
43.3267 
43.3317 
43.3487 
43.3481 
43.3648 
43.3714 
43.3871 
43.3892 
43.4041 
43.4012 
43.4148 
43.4171 
43.4282 
43.4264 
43.4463 
43.4504 
43.4686 
43.4701 
43.4829 
43.4821 
43.4974 
43.4954 
43.5098 
43.5064 
43.5227 
43.5194 
43.5335 
43.5371 
43.5582 
43.5479 
43.5627 
43.5619 
43.5753 
43.58 
43.5941 
43.5965 
43.6127 
43.6118 
43.6298 
43.6299 
43.6469 
43.6493 
43.6707 
43.6702 
43.6844 
43.6883 
43.702 
43.696 
43.712 
43.7107 
43.7255 
43.7256 
43.7404 
43.7467 
43.7615 
43.7631 
43.778 
43.7754 
43.7912 
43.7848 
43.796 
43.7956 
43.8104 
43.8127 
43.8243 
43.826 
43.8372 
43.8389 
43.8571 
43.8515 
43.8686 
43.8711 
43.8792 
43.8815 
43.8913 
43.8901 
43.9055 
43.9091 
43.9246 
43.9174 
43.9325 
43.9364 
43.9453 
43.9472 
43.9614 
43.9633 
43.9778 
43.9746 
43.9856 
43.9839 
43.9982 
44.0013 
44.0139 
44.0171 
44.0258 
44.0324 
44.0487 
44.047 
44.06 
44.054 
44.0736 
44.0684 
44.0817 
44.0832 
44.0931 
44.0879 
44.1051 
44.1059 
44.1191 
44.1221 
44.1323 
44.1304 
44.1478 
44.1503 
44.161 
44.1578 
44.177 
44.1767 
44.1956 
44.1982 
44.2118 
44.209 
44.2238 
44.2201 
44.239 
44.2413 
44.2577 
44.2528 
44.2638 
44.2638 
44.2775 
44.2786 
44.2898 
44.2859 
44.3015 
44.3016 
44.3151 
44.3117 
44.3289 
44.3281 
44.3421 
44.3449 
44.3582 
44.3627 
44.3815 
44.3812 
44.3972 
44.393 
44.4038 
44.4059 
44.4166 
44.4172 
44.4347 
44.4383 
44.445 
44.4518 
44.4675 
44.4642 
44.4745 
44.4773 
44.4929 
44.4889 
44.5028 
44.5025 
44.5153 
44.5118 
44.53 
44.526 
44.5299 
44.5323 
44.5448 
44.5464 
44.5591 
44.5633 
44.5779 
44.5764 
44.5832 
44.5773 
44.5955 
44.5947 
44.6085 
44.6057 
44.6224 
44.6259 
44.6347 
44.6334 
44.6539 
44.6567 
44.6697 
44.6664 
44.6769 
44.6732 
44.6907 
44.6961 
44.7122 
44.7089 
44.728 
44.7341 
44.7496 
44.755 
44.7694 
44.7706 
44.7871 
44.7791 
44.7924 
44.7852 
44.7985 
44.7956 
44.8091 
44.8042 
44.8171 
44.8205 
44.8351 
44.8313 
44.8479 
44.843 
44.8572 
44.8606 
44.8801 
44.8799 
44.8923 
44.8929 
44.9042 
44.9041 
44.9152 
44.9156 
44.9318 
44.9284 
44.9466 
44.9462 
44.9614 
44.9619 
44.9784 
44.9803 
44.9922 
44.9874 
45.0014 
44.9979 
45.004 
45.0083 
45.0214 
45.0216 
45.0359 
45.0412 
45.0527 
45.0555 
45.0685 
45.0655 
45.0765 
45.0745 
45.0878 
45.0946 
45.109 
45.1042 
45.1163 
45.1154 
45.1269 
45.1239 
45.1322 
45.1346 
45.1482 
45.1484 
45.1626 
45.1617 
45.1769 
45.1723 
45.1868 
45.1881 
45.2025 
45.2023 
45.2187 
45.2162 
45.2331 
45.2376 
45.2502 
45.2476 
45.2566 
45.2621 
45.2773 
45.2728 
45.2836 
45.282 
45.2983 
45.2989 
45.3088 
45.3055 
45.3204 
45.3206 
45.3347 
45.335 
45.343 
45.3418 
45.3631 
45.3596 
45.3779 
45.3785 
45.3959 
45.3929 
45.4006 
45.398 
45.4126 
45.4101 
45.4266 
45.4258 
45.4396 
45.4376 
45.4543 
45.4601 
45.472 
45.4707 
45.4866 
45.4839 
45.4994 
45.5002 
45.5138 
45.5049 
45.5186 
45.5225 
45.5338 
45.5298 
45.5423 
45.5407 
45.5539 
45.5507 
45.5667 
45.5634 
45.5759 
45.5757 
45.5887 
45.5876 
45.6043 
45.606 
45.6247 
45.6202 
45.6375 
45.6382 
45.6453 
45.6417 
45.6655 
45.6677 
45.6895 
45.6924 
45.7035 
45.7019 
45.7168 
45.7156 
45.7287 
45.7297 
45.7404 
45.7422 
45.7538 
45.7498 
45.7625 
45.7609 
45.7705 
45.7724 
45.7908 
45.7924 
45.8055 
45.8017 
45.8199 
45.8214 
45.8373 
45.8406 
45.8585 
45.8651 
45.8748 
45.8735 
45.8899 
45.8884 
45.9005 
45.8969 
45.9121 
45.9141 
45.9274 
45.9285 
45.9412 
45.9403 
45.9559 
45.9537 
45.9645 
45.9665 
45.9808 
45.9797 
46.0025 
46.0006 
46.0146 
46.0185 
46.0338 
46.0349 
46.0465 
46.0498 
46.0626 
46.0614 
46.0745 
46.0735 
46.0866 
46.0871 
46.108 
46.1069 
46.125 
46.1299 
46.1444 
46.1392 
46.1513 
46.1513 
46.159 
46.1631 
46.1773 
46.1797 
46.1914 
46.1896 
46.1982 
46.2008 
46.2175 
46.2183 
46.2317 
46.2308 
46.2494 
46.2478 
46.2589 
46.2571 
46.2693 
46.269 
46.2841 
46.288 
46.2982 
46.2942 
46.3063 
46.307 
46.321 
46.3165 
46.33 
46.3325 
46.3483 
46.3519 
46.359 
46.3566 
46.3716 
46.3755 
46.3897 
46.3876 
46.4001 
46.3986 
46.4095 
46.4108 
46.4258 
46.4246 
46.4378 
46.4403 
46.4492 
46.4516 
46.4606 
46.4563 
46.4733 
46.4749 
46.4931 
46.491 
46.5013 
46.496 
46.5147 
46.5178 
46.5339 
46.5352 
46.5527 
46.5522 
46.564 
46.5661 
46.579 
46.5845 
46.5973 
46.5974 
46.6109 
46.6079 
46.6204 
46.6219 
46.6326 
46.6286 
46.6455 
46.6501 
46.6611 
46.6652 
46.6775 
46.6777 
46.6919 
46.6913 
46.7039 
46.7018 
46.7166 
46.7218 
46.7382 
46.7411 
46.7568 
46.754 
46.7711 
46.7661 
46.776 
46.7763 
46.7942 
46.794 
46.8087 
46.8098 
46.8197 
46.8142 
46.8256 
46.823 
46.8371 
46.835 
46.8486 
46.843 
46.8516 
46.8526 
46.8679 
46.8737 
46.8927 
46.8969 
46.9125 
46.9113 
46.9293 
46.9324 
46.9465 
46.9537 
46.9689 
46.9682 
46.9773 
46.9749 
46.9897 
46.9941 
47.0072 
47.0085 
47.0201 
47.0218 
47.0315 
47.0276 
47.0408 
47.0387 
47.0538 
47.0543 
47.0705 
47.0753 
47.088 
47.0831 
47.0933 
47.0956 
47.113 
47.1115 
47.1262 
47.1238 
47.1394 
47.142 
47.1579 
47.1588 
47.1743 
47.1778 
47.1964 
47.2005 
47.2135 
47.2113 
47.2205 
47.2173 
47.2338 
47.2368 
47.2482 
47.2415 
47.2593 
47.264 
47.2795 
47.282 
47.298 
47.3032 
47.3137 
47.318 
47.3322 
47.331 
47.3418 
47.3388 
47.3546 
47.348 
47.3672 
47.3723 
47.3917 
47.39 
47.4039 
47.4071 
47.4158 
47.4203 
47.4323 
47.4373 
47.4493 
47.4487 
47.461 
47.4643 
47.474 
47.4724 
47.4875 
47.4822 
47.4913 
47.492 
47.5036 
47.5032 
47.5128 
47.5152 
47.5304 
47.5292 
47.546 
47.5441 
47.5569 
47.5582 
47.5662 
47.5667 
47.5798 
47.5849 
47.5967 
47.5933 
47.6069 
47.6041 
47.6206 
47.6139 
47.6269 
47.6265 
47.6382 
47.6409 
47.6588 
47.6648 
47.6801 
47.6781 
47.6897 
47.6882 
47.7012 
47.7011 
47.7132 
47.7159 
47.7254 
47.7267 
47.7342 
47.7354 
47.7551 
47.757 
47.7699 
47.7711 
47.7844 
47.7875 
47.8032 
47.8009 
47.8198 
47.821 
47.8393 
47.8344 
47.8471 
47.8518 
47.8653 
47.8643 
47.8791 
47.8808 
47.8953 
47.8985 
47.9053 
47.9129 
47.9287 
47.9334 
47.9532 
47.9542 
47.9722 
47.9737 
47.9889 
47.9866 
48.0047 
48.008 
48.0223 
48.0209 
48.032 
48.0385 
48.0547 
48.0513 
48.0633 
48.0629 
48.0803 
48.0798 
48.0912 
48.088 
48.0999 
48.1041 
48.1112 
48.1081 
48.1266 
48.1214 
48.1343 
48.1311 
48.1421 
48.1441 
48.158 
48.1532 
48.167 
48.1632 
48.1788 
48.1727 
48.1867 
48.1889 
48.201 
48.196 
48.2047 
48.2073 
48.2235 
48.2242 
48.2345 
48.2341 
48.2485 
48.2443 
48.2578 
48.2578 
48.2701 
48.269 
48.2836 
48.2879 
48.3013 
48.3046 
48.3189 
48.3206 
48.3305 
48.3293 
48.3391 
48.339 
48.3583 
48.3626 
48.3757 
48.3731 
48.3893 
48.3906 
48.3998 
48.4 
48.4185 
48.4137 
48.4302 
48.4325 
48.4439 
48.4444 
48.4568 
48.4624 
48.4755 
48.4756 
48.4894 
48.4912 
48.5023 
48.5049 
48.5152 
48.5079 
48.5214 
48.5224 
48.5335 
48.5365 
48.5462 
48.5428 
48.5593 
48.5612 
48.5739 
48.5734 
48.5848 
48.5908 
48.5976 
48.5948 
48.6027 
48.601 
48.6084 
48.6114 
48.6214 
48.62 
48.6353 
48.6313 
48.6458 
48.6426 
48.6551 
48.658 
48.6705 
48.6751 
48.6923 
48.6912 
48.7056 
48.702 
48.712 
48.7197 
48.7414 
48.7413 
48.7526 
48.7596 
48.7722 
48.7724 
48.7799 
48.7812 
48.7911 
48.7908 
48.8039 
48.8062 
48.8151 
48.8187 
48.8298 
48.8282 
48.8384 
48.8407 
48.8535 
48.8539 
48.8654 
48.8626 
48.8728 
48.8761 
48.887 
48.8901 
48.9109 
48.9111 
48.9279 
48.9283 
48.9361 
48.9311 
48.9436 
48.9472 
48.9602 
48.9547 
48.9696 
48.9715 
48.9895 
48.9908 
48.9992 
48.9981 
49.0082 
49.0125 
49.0251 
49.0272 
49.0387 
49.0416 
49.059 
49.059 
49.0705 
49.0729 
49.0862 
49.0857 
49.0977 
49.0963 
49.1149 
49.115 
49.1257 
49.1273 
49.1397 
49.1409 
49.1559 
49.1578 
49.17 
49.1741 
49.1901 
49.1934 
49.2012 
49.202 
49.2135 
49.2132 
49.2244 
49.2251 
49.2329 
49.2343 
49.2441 
49.2448 
49.2583 
49.2593 
49.2788 
49.278 
49.2883 
49.2866 
49.2994 
49.3038 
49.3213 
49.3184 
49.3326 
49.3347 
49.3486 
49.3485 
49.3659 
49.3662 
49.377 
49.3709 
49.3891 
49.3896 
49.4023 
49.4044 
49.4187 
49.4144 
49.4212 
49.4221 
49.4337 
49.4362 
49.4503 
49.4514 
49.4624 
49.4601 
49.4684 
49.4681 
49.4828 
49.4808 
49.5013 
49.4972 
49.5051 
49.5074 
49.5204 
49.5158 
49.5294 
49.5286 
49.5398 
49.5366 
49.5476 
49.5422 
49.5565 
49.5607 
49.5783 
49.5777 
49.5943 
49.5994 
49.6095 
49.6046 
49.6201 
49.619 
49.632 
49.6366 
49.6564 
49.6602 
49.6664 
49.664 
49.6742 
49.6739 
49.6836 
49.6814 
49.6923 
49.6861 
49.6986 
49.7001 
49.7114 
49.7121 
49.7254 
49.7256 
49.7398 
49.7428 
49.7526 
49.7546 
49.7651 
49.7617 
49.7741 
49.7719 
49.7839 
49.7817 
49.7967 
49.7992 
49.8118 
49.8065 
49.8246 
49.83 
49.8417 
49.8422 
49.8522 
49.8475 
49.8634 
49.8661 
49.8827 
49.8809 
49.8971 
49.898 
49.9108 
49.907 
49.9204 
49.9192 
49.9305 
49.9355 
49.9561 
49.9627 
49.973 
49.971 
49.9834 
49.9863 
50.0009 
49.9929 
50.0081 
50.0108 
50.0166 
50.0153 
50.0216 
50.0206 
50.035 
50.0365 
50.0541 
50.0517 
50.0657 
50.0684 
50.0823 
50.0844 
50.0955 
50.094 
50.1078 
50.1117 
50.1256 
50.127 
50.1418 
50.1417 
50.1578 
50.1509 
50.1604 
50.1589 
50.1723 
50.1757 
50.1912 
50.1947 
50.2096 
50.2102 
50.2288 
50.2269 
50.242 
50.243 
50.2598 
50.2594 
50.2766 
50.2717 
50.2849 
50.2865 
50.3005 
50.3035 
50.3185 
50.3234 
50.3344 
50.3329 
50.3412 
50.3421 
50.3559 
50.349 
50.3578 
50.3592 
50.3773 
50.379 
50.393 
50.3923 
50.4068 
50.4036 
50.4225 
50.4256 
50.4398 
50.4427 
50.4585 
50.4618 
50.4719 
50.4725 
50.4836 
50.4829 
50.5059 
50.504 
50.5229 
50.523 
50.5345 
50.5334 
50.5508 
50.5525 
50.5665 
50.5639 
50.5782 
50.5823 
50.6009 
50.604 
50.6185 
50.6156 
50.6274 
50.6312 
50.6401 
50.6383 
50.6502 
50.6489 
50.6623 
50.6627 
50.6725 
50.6678 
50.6812 
50.6751 
50.686 
50.6885 
50.6973 
50.6956 
50.7113 
50.7144 
50.7278 
50.7281 
50.7438 
50.7465 
50.7598 
50.7597 
50.7747 
50.7708 
50.7894 
50.7902 
50.7955 
50.7945 
50.8027 
50.8051 
50.8186 
50.8184 
50.8277 
50.8287 
50.8381 
50.8378 
50.8502 
50.851 
50.8621 
50.8618 
50.8724 
50.8716 
50.8886 
50.8874 
50.8949 
50.8941 
50.9069 
50.9113 
50.9236 
50.9244 
50.9395 
50.9383 
50.9526 
50.9527 
50.9582 
50.9609 
50.9687 
50.9691 
50.9826 
50.9868 
51.0004 
50.9976 
51.0159 
51.0161 
51.0249 
51.0229 
51.0313 
51.032 
51.0431 
51.0451 
51.0672 
51.064 
51.0755 
51.0707 
51.0886 
51.0941 
51.1035 
51.1039 
51.1141 
51.1117 
51.121 
51.1261 
51.1397 
51.1343 
51.1466 
51.146 
51.1607 
51.1565 
51.1694 
51.1716 
51.1849 
51.1842 
51.19 
51.1859 
51.1981 
51.1961 
51.2087 
51.2148 
51.2251 
51.2218 
51.2321 
51.2308 
51.2489 
51.2445 
51.2609 
51.2571 
51.268 
51.2637 
51.2743 
51.2785 
51.293 
51.2942 
51.3098 
51.3148 
51.326 
51.3243 
51.3385 
51.3326 
51.3389 
51.3461 
51.3562 
51.3553 
51.3644 
51.3609 
51.3691 
51.3765 
51.3885 
51.3922 
51.4031 
51.4004 
51.4156 
51.4094 
51.419 
51.4231 
51.4339 
51.4351 
51.4429 
51.4426 
51.4535 
51.4537 
51.4661 
51.4675 
51.4774 
51.4768 
51.4976 
51.4967 
51.5098 
51.5069 
51.5172 
51.5166 
51.5266 
51.5195 
51.5322 
51.5324 
51.5448 
51.5481 
51.5608 
51.5572 
51.5707 
51.5706 
51.5822 
51.5835 
51.601 
51.5986 
51.6115 
51.6114 
51.6252 
51.6268 
51.6381 
51.6419 
51.6502 
51.6507 
51.6675 
51.6649 
51.6811 
51.6849 
51.6919 
51.6888 
51.6977 
51.6979 
51.7106 
51.7066 
51.7192 
51.7219 
51.7332 
51.7345 
51.7518 
51.7504 
51.7614 
51.759 
51.7695 
51.7724 
51.7861 
51.7819 
51.7906 
51.7887 
51.7985 
51.8004 
51.8157 
51.8154 
51.8255 
51.8258 
51.8329 
51.8312 
51.8396 
51.8351 
51.8452 
51.8427 
51.859 
51.8601 
51.8717 
51.8777 
51.887 
51.8857 
51.9017 
51.9056 
51.9161 
51.9175 
51.933 
51.9266 
51.9351 
51.9361 
51.9471 
51.9495 
51.9622 
51.9622 
51.9764 
51.9755 
51.9852 
51.9855 
51.9949 
51.9949 
52.007 
52.0103 
52.0289 
52.034 
52.0458 
52.0472 
52.0524 
52.0577 
52.0756 
52.0784 
52.092 
52.0924 
52.1007 
52.1014 
52.117 
52.1183 
52.1307 
52.1302 
52.1456 
52.1437 
52.1503 
52.149 
52.1628 
52.1602 
52.1739 
52.173 
52.1764 
52.174 
52.1816 
52.1834 
52.1982 
52.1961 
52.2108 
52.2071 
52.22 
52.2199 
52.2362 
52.2377 
52.2466 
52.2495 
52.262 
52.2549 
52.2653 
52.2629 
52.2713 
52.2673 
52.2776 
52.2742 
52.2906 
52.2924 
52.3047 
52.3011 
52.3138 
52.3164 
52.3299 
52.332 
52.3391 
52.3391 
52.3491 
52.3482 
52.3631 
52.3626 
52.3689 
52.3682 
52.3787 
52.3861 
52.3984 
52.3971 
52.4108 
52.4149 
52.4302 
52.4296 
52.4473 
52.445 
52.4591 
52.4627 
52.472 
52.4734 
52.4812 
52.4767 
52.4938 
52.4954 
52.5055 
52.5112 
52.5278 
52.5335 
52.5452 
52.5444 
52.5613 
52.5643 
52.5775 
52.5775 
52.5917 
52.5964 
52.6028 
52.6049 
52.6152 
52.6152 
52.6282 
52.6316 
52.6414 
52.6423 
52.6539 
52.6558 
52.6743 
52.6678 
52.6791 
52.6804 
52.693 
52.6954 
52.7077 
52.7056 
52.7169 
52.7125 
52.7246 
52.7301 
52.7447 
52.7457 
52.7613 
52.765 
52.7734 
52.7784 
52.7897 
52.7885 
52.7987 
52.797 
52.8084 
52.8068 
52.8186 
52.8146 
52.8207 
52.82 
52.8274 
52.8323 
52.844 
52.8465 
52.8573 
52.859 
52.874 
52.8737 
52.8839 
52.8862 
52.8966 
52.8975 
52.9075 
52.9151 
52.9244 
52.9272 
52.9409 
52.9477 
52.9597 
52.9607 
52.9715 
52.9709 
52.9848 
52.9882 
52.9983 
52.994 
53.0022 
53.0029 
53.0127 
53.0119 
53.0261 
53.0225 
53.0315 
53.0313 
53.0451 
53.0441 
53.0511 
53.0522 
53.0617 
53.0622 
53.0707 
53.0725 
53.0867 
53.0866 
53.0981 
53.0911 
53.1065 
53.1098 
53.1188 
53.1179 
53.1297 
53.1276 
53.1388 
53.1342 
53.1499 
53.1556 
53.1624 
53.1622 
53.1722 
53.1721 
53.1781 
53.1742 
53.1906 
53.1894 
53.2004 
53.1999 
53.2125 
53.2128 
53.2254 
53.2246 
53.2418 
53.2421 
53.2528 
53.2603 
53.2801 
53.2769 
53.2876 
53.2848 
53.2946 
53.2941 
53.3018 
53.2996 
53.3094 
53.3128 
53.3233 
53.3244 
53.3393 
53.3374 
53.3537 
53.3545 
53.3653 
53.3606 
53.3684 
53.3705 
53.3811 
53.3832 
53.3929 
53.3876 
53.3973 
53.3919 
53.4032 
53.3981 
53.4134 
53.4107 
53.4217 
53.4238 
53.4313 
53.4337 
53.448 
53.45 
53.4618 
53.4648 
53.4769 
53.482 
53.4929 
53.4911 
53.5035 
53.4983 
53.5042 
53.5054 
53.5174 
53.5107 
53.519 
53.5153 
53.526 
53.5336 
53.5453 
53.5481 
53.5559 
53.5603 
53.5686 
53.5684 
53.5769 
53.5783 
53.5978 
53.5983 
53.6089 
53.6095 
53.6164 
53.6237 
53.6359 
53.6335 
53.6449 
53.6456 
53.6559 
53.6535 
53.6675 
53.6672 
53.6779 
53.6751 
53.6904 
53.6875 
53.7 
53.7008 
53.7111 
53.7098 
53.7221 
53.7281 
53.7442 
53.7456 
53.7582 
53.7569 
53.7652 
53.7665 
53.7766 
53.782 
53.793 
53.7935 
53.8026 
53.7986 
53.8076 
53.8107 
53.8188 
53.8167 
53.8304 
53.8342 
53.8507 
53.8446 
53.8603 
53.8581 
53.8663 
53.87 
53.8899 
53.8907 
53.9029 
53.9027 
53.9163 
53.9157 
53.9273 
53.9233 
53.9391 
53.9369 
53.9469 
53.946 
53.9584 
53.9602 
53.9758 
53.9793 
53.9896 
53.9842 
53.997 
53.994 
54.0056 
54.0093 
54.0238 
54.0238 
54.0344 
54.0385 
54.0492 
54.0501 
54.0617 
54.0619 
54.0746 
54.074 
54.0868 
54.0852 
54.0917 
54.0899 
54.1003 
54.0979 
54.1098 
54.1079 
54.1201 
54.1193 
54.1293 
54.1282 
54.1402 
54.1395 
54.1473 
54.1443 
54.1566 
54.1513 
54.1609 
54.161 
54.1703 
54.169 
54.1862 
54.1868 
54.1955 
54.1951 
54.2026 
54.203 
54.2148 
54.2181 
54.2263 
54.2271 
54.2417 
54.2479 
54.2578 
54.254 
54.2665 
54.2663 
54.2729 
54.2743 
54.2914 
54.2901 
54.3041 
54.3046 
54.3168 
54.3132 
54.3293 
54.3311 
54.3456 
54.3412 
54.3523 
54.3486 
54.358 
54.3604 
54.3732 
54.3754 
54.394 
54.3982 
54.4096 
54.4081 
54.4156 
54.4135 
54.4315 
54.4297 
54.4364 
54.4381 
54.4486 
54.4463 
54.4576 
54.45 
54.4632 
54.4639 
54.476 
54.4797 
54.4957 
54.496 
54.5148 
54.5155 
54.5254 
54.5285 
54.537 
54.5414 
54.5532 
54.5524 
54.5677 
54.5677 
54.5814 
54.5814 
54.5926 
54.594 
54.6072 
54.6089 
54.6207 
54.6155 
54.6301 
54.6305 
54.6425 
54.6396 
54.6522 
54.6544 
54.6599 
54.6529 
54.6665 
54.6643 
54.6742 
54.6738 
54.682 
54.6842 
54.6959 
54.6946 
54.7059 
54.7061 
54.7169 
54.7217 
54.7341 
54.7379 
54.7497 
54.7433 
54.7545 
54.7541 
54.7616 
54.7586 
54.7745 
54.7732 
54.7862 
54.7892 
54.8066 
54.8044 
54.8157 
54.8124 
54.8221 
54.8207 
54.8363 
54.8381 
54.8568 
54.8594 
54.8696 
54.8727 
54.8784 
54.8765 
54.8886 
54.8888 
54.8965 
54.8976 
54.9025 
54.9033 
54.9201 
54.9194 
54.9276 
54.9274 
54.9367 
54.9307 
54.9362 
54.9418 
54.955 
54.9535 
54.9689 
54.9721 
54.9909 
54.9906 
55.0035 
54.9993 
55.0162 
55.023 
55.0373 
55.0321 
55.042 
55.0385 
55.0466 
55.0433 
55.0558 
55.0605 
55.0722 
55.0736 
55.0857 
55.0854 
55.0964 
55.0939 
55.0982 
55.1012 
55.1144 
55.1145 
55.1202 
55.1173 
55.1313 
55.1281 
55.14 
55.1437 
55.1561 
55.1505 
55.1616 
55.1612 
55.1704 
55.1681 
55.1823 
55.1798 
55.1945 
55.197 
55.2049 
55.2041 
55.2152 
55.2174 
55.2298 
55.2326 
55.2433 
55.2425 
55.2511 
55.2527 
55.2666 
55.2657 
55.2708 
55.2706 
55.2769 
55.2815 
55.2887 
55.2878 
55.3025 
55.2969 
55.3102 
55.3118 
55.3213 
55.3269 
55.3401 
55.3376 
55.3475 
55.3465 
55.3557 
55.3596 
55.3647 
55.3615 
55.3747 
55.3729 
55.385 
55.3815 
55.3901 
55.3914 
55.4065 
55.4047 
55.4145 
55.4145 
55.4254 
55.4254 
55.4344 
55.4308 
55.4384 
55.4315 
55.4468 
55.4454 
55.4618 
55.4605 
55.468 
55.4683 
55.4808 
55.4812 
55.4887 
55.4905 
55.4994 
55.4971 
55.5112 
55.5082 
55.5227 
55.5225 
55.5333 
55.5387 
55.5499 
55.5545 
55.5643 
55.5684 
55.5808 
55.5877 
55.5942 
55.5948 
55.6069 
55.6065 
55.6132 
55.6121 
55.6279 
55.629 
55.6358 
55.6422 
55.6524 
55.651 
55.666 
55.6596 
55.6759 
55.6787 
55.6885 
55.6887 
55.698 
55.6967 
55.7098 
55.7069 
55.7193 
55.7157 
55.7288 
55.727 
55.7381 
55.7409 
55.7469 
55.7461 
55.7548 
55.7534 
55.7627 
55.76 
55.7758 
55.7723 
55.7836 
55.7858 
55.794 
55.7884 
55.8071 
55.8098 
55.8218 
55.8246 
55.8422 
55.8426 
55.8546 
55.8574 
55.8714 
55.8719 
55.8817 
55.8856 
55.8955 
55.895 
55.9022 
55.8957 
55.907 
55.9064 
55.9181 
55.9151 
55.9241 
55.9243 
55.9367 
55.9358 
55.9466 
55.9509 
55.9641 
55.9601 
55.9703 
55.9749 
55.9924 
55.9926 
56.0043 
56.0009 
56.0146 
56.0133 
56.0262 
56.0258 
56.0393 
56.0376 
56.0464 
56.0473 
56.0522 
56.0489 
56.0668 
56.0633 
56.0703 
56.0696 
56.081 
56.0841 
56.0958 
56.0946 
56.1094 
56.108 
56.1213 
56.1224 
56.1353 
56.1395 
56.1501 
56.1526 
56.1642 
56.1659 
56.1829 
56.1827 
56.1925 
56.1944 
56.2043 
56.2018 
56.2117 
56.214 
56.2228 
56.2234 
56.2315 
56.2397 
56.2534 
56.2502 
56.2711 
56.2748 
56.2866 
56.2853 
56.3008 
56.3014 
56.3162 
56.3156 
56.3324 
56.3296 
56.3358 
56.339 
56.3516 
56.3549 
56.3642 
56.3592 
56.364 
56.3639 
56.3749 
56.3775 
56.3852 
56.3946 
56.4096 
56.4092 
56.4241 
56.4243 
56.4339 
56.4386 
56.4491 
56.448 
56.4567 
56.4606 
56.468 
56.4649 
56.4793 
56.4749 
56.4836 
56.4884 
56.4988 
56.4912 
56.5047 
56.5067 
56.5171 
56.5133 
56.528 
56.5312 
56.5525 
56.5521 
56.564 
56.5688 
56.5776 
56.5814 
56.5956 
56.5959 
56.6037 
56.5984 
56.6101 
56.6043 
56.6183 
56.623 
56.6361 
56.6328 
56.6482 
56.6494 
56.6619 
56.6666 
56.6758 
56.6753 
56.6884 
56.6884 
56.6962 
56.7025 
56.7138 
56.7142 
56.7292 
56.7306 
56.7456 
56.7452 
56.7609 
56.7571 
56.7694 
56.7727 
56.7722 
56.7745 
56.7856 
56.783 
56.8008 
56.7975 
56.8077 
56.8127 
56.8239 
56.8222 
56.8301 
56.829 
56.844 
56.8469 
56.8592 
56.8588 
56.8743 
56.8755 
56.8897 
56.8919 
56.9031 
56.8981 
56.9124 
56.9126 
56.9223 
56.9245 
56.9401 
56.9416 
56.9557 
56.9596 
56.9739 
56.9787 
56.9887 
56.9908 
57.0033 
57.0034 
57.0144 
57.0158 
57.0234 
57.0179 
57.0277 
57.026 
57.0381 
57.0428 
57.0495 
57.0512 
57.0661 
57.0673 
57.0802 
57.0817 
57.0939 
57.0915 
57.0973 
57.098 
57.1122 
57.1132 
57.1211 
57.1266 
57.1389 
57.1369 
57.1549 
57.154 
57.1709 
57.1691 
57.1787 
57.1779 
57.1822 
57.1829 
57.1913 
57.1906 
57.1988 
57.1978 
57.2096 
57.2081 
57.2221 
57.2208 
57.2315 
57.2293 
57.2447 
57.2372 
57.2487 
57.2495 
57.2652 
57.2685 
57.2802 
57.2826 
57.2937 
57.2928 
57.3047 
57.3075 
57.3142 
57.3167 
57.331 
57.3347 
57.3421 
57.3437 
57.3553 
57.3552 
57.3658 
57.362 
57.3652 
57.3646 
57.3764 
57.3796 
57.3863 
57.387 
57.3959 
57.3951 
57.4054 
57.4054 
57.4204 
57.4201 
57.429 
57.4308 
57.4397 
57.4412 
57.4492 
57.4527 
57.4641 
57.4633 
57.479 
57.4837 
57.4918 
57.491 
57.5031 
57.4998 
57.5089 
57.5095 
57.519 
57.5208 
57.5348 
57.5345 
57.5435 
57.5399 
57.5519 
57.5529 
57.5629 
57.5602 
57.5706 
57.5711 
57.585 
57.591 
57.6 
57.6036 
57.6179 
57.6148 
57.6317 
57.6307 
57.6421 
57.6432 
57.6526 
57.6495 
57.6596 
57.6603 
57.6692 
57.6644 
57.6745 
57.6732 
57.6836 
57.6831 
57.6959 
57.7007 
57.7189 
57.7197 
57.7341 
57.7328 
57.7418 
57.7379 
57.7504 
57.7507 
57.7604 
57.7601 
57.7725 
57.7789 
57.7926 
57.7919 
57.804 
57.7968 
57.8093 
57.8027 
57.8119 
57.8049 
57.8089 
57.8087 
57.8171 
57.8181 
57.8266 
57.8261 
57.8376 
57.833 
57.8434 
57.8517 
57.8605 
57.8638 
57.8668 
57.8598 
57.8734 
57.873 
57.8775 
57.8776 
57.8881 
57.8889 
57.9001 
57.8992 
57.9121 
57.9143 
57.9216 
57.9147 
57.9292 
57.9222 
57.9346 
57.9345 
57.9468 
57.9475 
57.9623 
57.9632 
57.971 
57.9684 
57.9801 
57.9766 
57.9858 
57.9869 
58.0025 
57.9998 
58.0086 
58.0086 
58.0094 
58.0032 
58.0129 
58.0163 
58.0297 
58.0298 
58.0461 
58.0436 
58.0493 
58.0503 
58.064 
58.0682 
58.0882 
58.0924 
58.1039 
58.1077 
58.118 
58.1158 
58.126 
58.1271 
58.1397 
58.1402 
58.1491 
58.149 
58.1558 
58.1561 
58.1657 
58.1596 
58.1764 
58.1737 
58.1817 
58.1813 
58.1875 
58.1895 
58.1974 
58.1995 
58.2105 
58.2097 
58.2177 
58.2202 
58.2328 
58.2353 
58.2481 
58.2517 
58.2625 
58.2582 
58.2722 
58.2741 
58.2881 
58.2926 
58.3095 
58.3127 
58.3246 
58.3252 
58.3387 
58.3365 
58.349 
58.3487 
58.3593 
58.3589 
58.3701 
58.3698 
58.3797 
58.3788 
58.3895 
58.3858 
58.3978 
58.4028 
58.4155 
58.4185 
58.4318 
58.4356 
58.4495 
58.4478 
58.4637 
58.4652 
58.4709 
58.4693 
58.4823 
58.4822 
58.4925 
58.4935 
58.5031 
58.5032 
58.5125 
58.5104 
58.5207 
58.5236 
58.5352 
58.5352 
58.5435 
58.5432 
58.5544 
58.5541 
58.5611 
58.559 
58.5726 
58.5709 
58.58 
58.5798 
58.5904 
58.5884 
58.5998 
58.604 
58.6182 
58.6159 
58.6266 
58.6224 
58.6343 
58.6369 
58.6452 
58.6533 
58.6663 
58.6664 
58.6786 
58.6752 
58.6857 
58.6821 
58.6952 
58.6958 
58.7005 
58.7022 
58.7163 
58.7192 
58.7287 
58.7275 
58.7419 
58.7417 
58.7514 
58.7517 
58.7632 
58.7611 
58.7761 
58.7715 
58.7798 
58.7868 
58.7986 
58.803 
58.8169 
58.8199 
58.828 
58.8272 
58.8395 
58.8414 
58.855 
58.8572 
58.8713 
58.8739 
58.8826 
58.8816 
58.8931 
58.8872 
58.891 
58.8918 
58.9025 
58.9028 
58.9099 
58.9114 
58.9235 
58.9223 
58.9369 
58.9363 
58.9495 
58.9475 
58.9655 
58.9704 
58.98 
58.9799 
58.9814 
58.979 
58.9887 
58.993 
59.008 
59.008 
59.0215 
59.0199 
59.034 
59.0419 
59.0515 
59.0556 
59.0646 
59.0665 
59.0782 
59.0758 
59.0887 
59.0918 
59.1046 
59.1065 
59.1144 
59.1078 
59.1191 
59.1184 
59.1319 
59.1293 
59.142 
59.1409 
59.1508 
59.1517 
59.1644 
59.1614 
59.1728 
59.1691 
59.1842 
59.18 
59.1922 
59.1925 
59.1945 
59.1963 
59.2072 
59.2126 
59.2251 
59.2285 
59.2455 
59.2416 
59.2494 
59.2476 
59.2563 
59.2536 
59.2655 
59.2616 
59.273 
59.2766 
59.2852 
59.2817 
59.2921 
59.2894 
59.2975 
59.2917 
59.3002 
59.3017 
59.315 
59.3168 
59.3278 
59.3269 
59.3359 
59.3396 
59.3504 
59.3529 
59.3639 
59.365 
59.376 
59.3791 
59.3855 
59.3835 
59.3901 
59.3929 
59.4078 
59.4068 
59.415 
59.4144 
59.4307 
59.4251 
59.4341 
59.4352 
59.4428 
59.4454 
59.4578 
59.4586 
59.4749 
59.4741 
59.4865 
59.4879 
59.4996 
59.4998 
59.5136 
59.5161 
59.5271 
59.5281 
59.5429 
59.5437 
59.5503 
59.5501 
59.5634 
59.5636 
59.5788 
59.5819 
59.5926 
59.5914 
59.6057 
59.6063 
59.6174 
59.6235 
59.6343 
59.6322 
59.6436 
59.6477 
59.6597 
59.6597 
59.6698 
59.6713 
59.6828 
59.677 
59.6856 
59.6895 
59.6997 
59.6964 
59.7085 
59.7115 
59.7233 
59.7263 
59.7379 
59.7409 
59.7535 
59.7543 
59.7649 
59.7644 
59.771 
59.7698 
59.7802 
59.777 
59.7877 
59.7849 
59.7975 
59.7977 
59.811 
59.804 
59.8121 
59.8079 
59.8179 
59.8175 
59.8267 
59.8268 
59.834 
59.8373 
59.8473 
59.8402 
59.8492 
59.8448 
59.8555 
59.8466 
59.8569 
59.8659 
59.8739 
59.8728 
59.885 
59.8875 
59.8952 
59.8984 
59.9095 
59.9062 
59.9208 
59.9204 
59.9284 
59.9267 
59.9371 
59.943 
59.9524 
59.9512 
59.9663 
59.9639 
59.9736 
59.9741 
59.9794 
59.9741 
59.9792 
59.9821 
59.9917 
59.9913 
60.0003 
60.0014 
60.0122 
60.0176 
60.029 
60.0315 
60.0426 
60.0353 
60.0462 
60.0506 
60.0572 
60.0535 
60.0652 
60.0664 
60.0767 
60.0758 
60.0869 
60.0928 
60.1061 
60.1032 
60.1107 
60.1076 
60.1145 
60.1108 
60.1197 
60.1193 
60.135 
60.1378 
60.1492 
60.1498 
60.1573 
60.1553 
60.161 
60.161 
60.1721 
60.1701 
60.181 
60.179 
60.1862 
60.1884 
60.2005 
60.1952 
60.1994 
60.1979 
60.2055 
60.2078 
60.2173 
60.219 
60.2328 
60.2302 
60.2359 
60.2322 
60.2443 
60.2457 
60.2578 
60.2552 
60.2678 
60.2735 
60.2871 
60.2838 
60.2953 
60.2964 
60.3033 
60.3008 
60.3131 
60.3107 
60.321 
60.3197 
60.3229 
60.3292 
60.3403 
60.3395 
60.3486 
60.3482 
60.3572 
60.3568 
60.3668 
60.3663 
60.3712 
60.3737 
60.3853 
60.3852 
60.3973 
60.3975 
60.4107 
60.4071 
60.4185 
60.422 
60.4356 
60.4366 
60.4482 
60.4449 
60.4542 
60.4477 
60.4559 
60.4554 
60.4643 
60.4664 
60.4781 
60.4737 
60.4864 
60.4867 
60.4983 
60.4988 
60.5115 
60.5128 
60.5211 
60.5202 
60.5281 
60.5296 
60.5387 
60.5411 
60.5487 
60.5494 
60.5634 
60.5597 
60.5752 
60.5735 
60.5843 
60.5841 
60.6017 
60.5987 
60.6042 
60.6049 
60.6158 
60.6212 
60.6337 
60.6366 
60.6474 
60.6503 
60.6613 
60.6662 
60.6779 
60.6708 
60.6762 
60.6789 
60.6884 
60.6862 
60.6961 
60.6962 
60.7012 
60.7023 
60.7107 
60.7092 
60.7232 
60.7276 
60.7345 
60.7371 
60.7448 
60.7384 
60.748 
60.7503 
60.7614 
60.765 
60.7767 
60.7767 
60.7901 
60.796 
60.8116 
60.808 
60.815 
60.8145 
60.8225 
60.8247 
60.8357 
60.8374 
60.8477 
60.8512 
60.8691 
60.8653 
60.8818 
60.8858 
60.8988 
60.9005 
60.9139 
60.9208 
60.9398 
60.9416 
60.9545 
60.9538 
60.9657 
60.969 
60.9825 
60.9854 
60.9946 
60.9909 
60.9976 
61.0002 
61.0129 
61.0114 
61.0203 
61.0226 
61.0327 
61.0311 
61.0484 
61.05 
61.0628 
61.0663 
61.0726 
61.076 
61.0872 
61.0879 
61.0951 
61.0983 
61.1107 
61.1085 
61.1249 
61.1294 
61.1372 
61.1362 
61.1406 
61.1405 
61.1524 
61.1543 
61.1638 
61.1711 
61.1744 
61.171 
61.1831 
61.1812 
61.193 
61.1915 
61.2005 
61.2031 
61.211 
61.2078 
61.2174 
61.2208 
61.2341 
61.2292 
61.2378 
61.2371 
61.246 
61.2542 
61.2641 
61.2664 
61.2808 
61.2794 
61.2875 
61.2849 
61.2946 
61.2904 
61.3 
61.3015 
61.314 
61.3152 
61.3308 
61.3325 
61.3405 
61.34 
61.354 
61.3522 
61.3609 
61.3592 
61.3692 
61.3685 
61.3823 
61.3792 
61.3903 
61.3937 
61.4052 
61.4089 
61.4206 
61.4204 
61.4357 
61.4375 
61.4521 
61.4487 
61.4615 
61.4602 
61.473 
61.4737 
61.485 
61.4859 
61.4943 
61.4914 
61.501 
61.5013 
61.5083 
61.5116 
61.5282 
61.5248 
61.5342 
61.5267 
61.5333 
61.5339 
61.5498 
61.5478 
61.5556 
61.5572 
61.5651 
61.5692 
61.5797 
61.5781 
61.5899 
61.5898 
61.6025 
61.6056 
61.6131 
61.6116 
61.6183 
61.6196 
61.6333 
61.634 
61.6445 
61.6446 
61.6584 
61.66 
61.6725 
61.6688 
61.6826 
61.6825 
61.6908 
61.6917 
61.7067 
61.7057 
61.7183 
61.7201 
61.7247 
61.7249 
61.7331 
61.7364 
61.7446 
61.7462 
61.7524 
61.753 
61.7638 
61.7647 
61.7718 
61.7711 
61.7801 
61.7861 
61.7972 
61.8004 
61.8123 
61.8161 
61.8253 
61.831 
61.838 
61.836 
61.8457 
61.8482 
61.8566 
61.8586 
61.8725 
61.8707 
61.8774 
61.8766 
61.8857 
61.8845 
61.8939 
61.8937 
61.8968 
61.8941 
61.9046 
61.8975 
61.9065 
61.9097 
61.9168 
61.9149 
61.9184 
61.9209 
61.9361 
61.9374 
61.9476 
61.9441 
61.9551 
61.9564 
61.97 
61.9688 
61.9799 
61.9765 
61.9829 
61.985 
61.9907 
61.99 
61.9975 
61.9995 
62.007 
62.0067 
62.011 
62.0083 
62.0205 
62.0176 
62.0236 
62.0267 
62.0396 
62.0393 
62.0481 
62.052 
62.0561 
62.0559 
62.0624 
62.0639 
62.0767 
62.078 
62.0858 
62.0853 
62.0954 
62.0988 
62.1143 
62.1178 
62.1274 
62.1302 
62.1407 
62.1395 
62.1497 
62.1538 
62.1579 
62.1535 
62.1627 
62.1584 
62.1745 
62.1719 
62.1786 
62.1818 
62.1902 
62.1931 
62.2011 
62.2005 
62.2052 
62.2109 
62.2233 
62.2256 
62.2372 
62.2371 
62.2473 
62.2457 
62.257 
62.2502 
62.2584 
62.2564 
62.2674 
62.2667 
62.2783 
62.2745 
62.2838 
62.2856 
62.2988 
62.3007 
62.3125 
62.3128 
62.3235 
62.322 
62.3308 
62.3323 
62.3473 
62.3435 
62.3564 
62.3589 
62.3721 
62.3714 
62.3892 
62.3942 
62.4012 
62.4006 
62.4065 
62.4113 
62.4241 
62.425 
62.4294 
62.4285 
62.4452 
62.4436 
62.4544 
62.4554 
62.4689 
62.4654 
62.4746 
62.4754 
62.4824 
62.479 
62.4877 
62.4878 
62.4976 
62.4946 
62.5017 
62.4974 
62.5094 
62.5049 
62.5097 
62.5079 
62.5129 
62.5176 
62.531 
62.533 
62.5459 
62.5461 
62.5588 
62.5627 
62.5729 
62.5704 
62.5865 
62.5908 
62.597 
62.5915 
62.5993 
62.6031 
62.6149 
62.6228 
62.6282 
62.6255 
62.6327 
62.6345 
62.6397 
62.6417 
62.6454 
62.6448 
62.6554 
62.6578 
62.6655 
62.6643 
62.6751 
62.6717 
62.6822 
62.6861 
62.693 
62.6922 
62.7049 
62.7013 
62.7148 
62.7158 
62.7291 
62.7289 
62.7364 
62.737 
62.7448 
62.7478 
62.7636 
62.759 
62.7663 
62.767 
62.7786 
62.7807 
62.7899 
62.7902 
62.8017 
62.8092 
62.8187 
62.8243 
62.8385 
62.84 
62.8543 
62.8576 
62.8632 
62.8655 
62.8784 
62.8809 
62.8915 
62.886 
62.9003 
62.8968 
62.9114 
62.9081 
62.9194 
62.9198 
62.9282 
62.9298 
62.9355 
62.9429 
62.9537 
62.952 
62.9569 
62.9551 
62.9665 
62.9644 
62.9774 
62.9764 
62.9882 
62.9844 
62.9964 
62.9966 
63.0083 
63.0048 
63.0165 
63.0166 
63.0287 
63.0282 
63.0372 
63.0366 
63.0476 
63.0409 
63.0463 
63.0478 
63.0619 
63.0608 
63.0683 
63.0727 
63.0832 
63.083 
63.092 
63.0955 
63.1074 
63.1072 
63.1137 
63.1109 
63.1209 
63.1221 
63.1317 
63.1281 
63.1433 
63.1388 
63.1529 
63.1525 
63.1589 
63.1565 
63.17 
63.1644 
63.1779 
63.1799 
63.1909 
63.1902 
63.1968 
63.1926 
63.2047 
63.2121 
63.2216 
63.2161 
63.2307 
63.2302 
63.2446 
63.2407 
63.2514 
63.254 
63.2653 
63.2648 
63.2798 
63.2784 
63.2908 
63.2903 
63.3036 
63.2995 
63.3137 
63.3133 
63.3254 
63.3261 
63.3322 
63.3339 
63.3427 
63.3438 
63.356 
63.3568 
63.3648 
63.3634 
63.3748 
63.3721 
63.3881 
63.3855 
63.392 
63.3949 
63.4096 
63.4131 
63.4272 
63.4268 
63.442 
63.4414 
63.4492 
63.4501 
63.4559 
63.4589 
63.4698 
63.4703 
63.4815 
63.4822 
63.4937 
63.4876 
63.4944 
63.4956 
63.5054 
63.5057 
63.5124 
63.5172 
63.5245 
63.5243 
63.5285 
63.5326 
63.5394 
63.5372 
63.5474 
63.5505 
63.5618 
63.5622 
63.5691 
63.5695 
63.5802 
63.5784 
63.5831 
63.5822 
63.5912 
63.5912 
63.5982 
63.5987 
63.6075 
63.6062 
63.6176 
63.6196 
63.6315 
63.6325 
63.6464 
63.6485 
63.6568 
63.6612 
63.6702 
63.6752 
63.6849 
63.686 
63.6934 
63.6927 
63.7048 
63.706 
63.7181 
63.7227 
63.7399 
63.7381 
63.7498 
63.746 
63.7587 
63.758 
63.7735 
63.7725 
63.7805 
63.7793 
63.7867 
63.7823 
63.7985 
63.7981 
63.8082 
63.8089 
63.8188 
63.82 
63.8287 
63.8288 
63.839 
63.8388 
63.847 
63.8544 
63.8644 
63.8676 
63.877 
63.8805 
63.8901 
63.8901 
63.9026 
63.9043 
63.9148 
63.9134 
63.9249 
63.9254 
63.939 
63.9436 
63.954 
63.9538 
63.9606 
63.9541 
63.9652 
63.9688 
63.9847 
63.9886 
64.0016 
63.9982 
64.007 
64.006 
64.0179 
64.0233 
64.0316 
64.0295 
64.0381 
64.0386 
64.0453 
64.0439 
64.0581 
64.0495 
64.0648 
64.0686 
64.0776 
64.0777 
64.086 
64.0886 
64.0988 
64.0951 
64.1071 
64.1059 
64.1162 
64.1173 
64.1288 
64.1323 
64.1368 
64.1414 
64.1504 
64.1526 
64.1582 
64.1546 
64.1652 
64.1668 
64.1777 
64.1745 
64.1868 
64.1872 
64.1923 
64.1903 
64.1979 
64.1947 
64.2066 
64.2057 
64.2184 
64.2145 
64.2281 
64.232 
64.234 
64.2336 
64.2424 
64.2426 
64.2442 
64.2439 
64.2501 
64.2475 
64.2641 
64.268 
64.2807 
64.2817 
64.2885 
64.2851 
64.2961 
64.2953 
64.2987 
64.298 
64.3108 
64.3143 
64.3222 
64.3202 
64.3344 
64.3388 
64.3482 
64.3528 
64.3601 
64.352 
64.3628 
64.366 
64.3786 
64.3804 
64.3898 
64.3881 
64.3996 
64.4014 
64.4123 
64.415 
64.4229 
64.4251 
64.4384 
64.4343 
64.4432 
64.4422 
64.4471 
64.4487 
64.4611 
64.4609 
64.4703 
64.4668 
64.4777 
64.4781 
64.4919 
64.4922 
64.5073 
64.5139 
64.523 
64.5286 
64.5362 
64.5391 
64.5478 
64.5528 
64.5578 
64.5584 
64.5676 
64.5705 
64.5821 
64.581 
64.5879 
64.5862 
64.5979 
64.5976 
64.6093 
64.614 
64.625 
64.6215 
64.6271 
64.6289 
64.638 
64.6377 
64.6432 
64.6483 
64.6562 
64.6597 
64.6693 
64.6637 
64.6699 
64.6651 
64.6727 
64.6734 
64.6836 
64.6826 
64.6912 
64.6899 
64.6992 
64.6988 
64.7081 
64.7097 
64.7213 
64.7244 
64.7371 
64.7419 
64.7475 
64.7492 
64.7568 
64.757 
64.7645 
64.7691 
64.7788 
64.7767 
64.7905 
64.7939 
64.803 
64.8086 
64.8148 
64.8135 
64.8245 
64.8251 
64.8355 
64.8372 
64.841 
64.8388 
64.8423 
64.8451 
64.8521 
64.8493 
64.8571 
64.858 
64.8672 
64.8695 
64.8756 
64.8753 
64.8836 
64.8881 
64.8984 
64.9011 
64.908 
64.9088 
64.9209 
64.925 
64.9382 
64.9365 
64.9456 
64.9448 
64.9555 
64.9553 
64.9636 
64.9646 
64.971 
64.9723 
64.9808 
64.9812 
64.9886 
64.9921 
65 
65.0011 
65.0131 
65.0147 
65.0256 
65.0276 
65.0373 
65.0352 
65.0392 
65.0365 
65.047 
65.0498 
65.0593 
65.06 
65.0683 
65.0682 
65.0787 
65.0782 
65.0824 
65.0848 
65.0935 
65.0915 
65.1055 
65.108 
65.1213 
65.1145 
65.1228 
65.1193 
65.1301 
65.1278 
65.1413 
65.1442 
65.1519 
65.1507 
65.1566 
65.1533 
65.1672 
65.1755 
65.1868 
65.186 
65.1973 
65.1955 
65.2051 
65.207 
65.2153 
65.2178 
65.2238 
65.2294 
65.2379 
65.242 
65.2498 
65.2486 
65.2554 
65.2562 
65.2698 
65.2665 
65.2804 
65.2845 
65.296 
65.2921 
65.2997 
65.2988 
65.3044 
65.3032 
65.3157 
65.3167 
65.3233 
65.3229 
65.3339 
65.3377 
65.3478 
65.3497 
65.3559 
65.3546 
65.3629 
65.3531 
65.3622 
65.361 
65.3785 
65.3802 
65.394 
65.3906 
65.4001 
65.3998 
65.4101 
65.4059 
65.4118 
65.4141 
65.4231 
65.4172 
65.4299 
65.4249 
65.4316 
65.4349 
65.4415 
65.4422 
65.4534 
65.4503 
65.4625 
65.46 
65.4708 
65.4768 
65.4898 
65.489 
65.5018 
65.5037 
65.5148 
65.515 
65.5281 
65.5269 
65.5347 
65.5331 
65.541 
65.5382 
65.5533 
65.5555 
65.5661 
65.5659 
65.576 
65.5729 
65.5856 
65.5862 
65.5982 
65.6011 
65.6117 
65.6109 
65.6205 
65.6203 
65.6267 
65.6238 
65.6351 
65.6373 
65.6499 
65.6469 
65.6581 
65.6599 
65.6644 
65.6665 
65.6751 
65.6801 
65.6906 
65.6928 
65.6982 
65.6992 
65.7062 
65.7066 
65.7164 
65.7159 
65.7222 
65.7209 
65.7333 
65.736 
65.7487 
65.7491 
65.7508 
65.7439 
65.7521 
65.7541 
65.7612 
65.7588 
65.7693 
65.7654 
65.774 
65.7699 
65.7794 
65.7822 
65.7906 
65.7941 
65.8099 
65.8076 
65.822 
65.8203 
65.8325 
65.8359 
65.8442 
65.8438 
65.8519 
65.8515 
65.8617 
65.8654 
65.8782 
65.8753 
65.8825 
65.8878 
65.8977 
65.9022 
65.9134 
65.915 
65.9255 
65.9252 
65.9362 
65.9312 
65.9416 
65.9392 
65.9514 
65.9524 
65.9646 
65.9659 
65.9744 
65.9721 
65.9842 
65.9859 
65.9978 
65.997 
66.0104 
66.0084 
66.0237 
66.0241 
66.0356 
66.0353 
66.0429 
66.0473 
66.0557 
66.0522 
66.0632 
66.0659 
66.076 
66.0779 
66.0871 
66.0816 
66.0908 
66.0929 
66.1013 
66.0959 
66.0989 
66.0999 
66.1091 
66.1099 
66.1153 
66.1152 
66.1258 
66.1285 
66.1374 
66.1337 
66.1446 
66.1408 
66.1525 
66.154 
66.1648 
66.1606 
66.1736 
66.1759 
66.185 
66.1883 
66.1972 
66.1966 
66.2094 
66.2132 
66.2182 
66.2159 
66.2279 
66.224 
66.2327 
66.229 
66.2386 
66.236 
66.2424 
66.2424 
66.2566 
66.2555 
66.2605 
66.2584 
66.2675 
66.2646 
66.2774 
66.2823 
66.2972 
66.2995 
66.3058 
66.3074 
66.3115 
66.312 
66.3213 
66.3262 
66.3327 
66.3304 
66.3368 
66.3357 
66.3453 
66.3446 
66.3531 
66.351 
66.3676 
66.3685 
66.3727 
66.3729 
66.3799 
66.3784 
66.3871 
66.3851 
66.3844 
66.3849 
66.3962 
66.3972 
66.4024 
66.4009 
66.4077 
66.4076 
66.4172 
66.4195 
66.4233 
66.4176 
66.4246 
66.4299 
66.4425 
66.4415 
66.4493 
66.446 
66.459 
66.4605 
66.4677 
66.4635 
66.4718 
66.4684 
66.4744 
66.4764 
66.4826 
66.4849 
66.4952 
66.5039 
66.5067 
66.5075 
66.5156 
66.5117 
66.5195 
66.5208 
66.5286 
66.5331 
66.5413 
66.5365 
66.5449 
66.5449 
66.5556 
66.5552 
66.5661 
66.5693 
66.5793 
66.5822 
66.5911 
66.594 
66.5986 
66.6015 
66.6143 
66.6159 
66.6278 
66.629 
66.6382 
66.6333 
66.6429 
66.6461 
66.6615 
66.6659 
66.6758 
66.6798 
66.6885 
66.6861 
66.6922 
66.6919 
66.7052 
66.7039 
66.7103 
66.7099 
66.7188 
66.7148 
66.7219 
66.7249 
66.7315 
66.7338 
66.7434 
66.7502 
66.7607 
66.7574 
66.7689 
66.7713 
66.7814 
66.7831 
66.7914 
66.7899 
66.792 
66.7889 
66.7972 
66.7995 
66.8127 
66.8202 
66.8267 
66.8274 
66.8333 
66.8328 
66.8373 
66.841 
66.8503 
66.8499 
66.8571 
66.8592 
66.8687 
66.8652 
66.8798 
66.8862 
66.8993 
66.9007 
66.911 
66.9109 
66.9225 
66.921 
66.9298 
66.9311 
66.9393 
66.9378 
66.9484 
66.9441 
66.9497 
66.9529 
66.9645 
66.9594 
66.9707 
66.9749 
66.9876 
66.9856 
66.9917 
66.9914 
67.0006 
67.0042 
67.0153 
67.0169 
67.0255 
67.0227 
67.0307 
67.028 
67.0405 
67.0458 
67.0524 
67.0527 
67.0629 
67.0656 
67.0746 
67.0786 
67.0875 
67.0838 
67.0917 
67.0886 
67.0985 
67.1012 
67.1154 
67.1168 
67.131 
67.1301 
67.1443 
67.145 
67.1542 
67.152 
67.1589 
67.1613 
67.1701 
67.1752 
67.1771 
67.1806 
67.1868 
67.1908 
67.2034 
67.1998 
67.211 
67.2033 
67.2118 
67.2133 
67.231 
67.2272 
67.2411 
67.2446 
67.2522 
67.2497 
67.2564 
67.2564 
67.2622 
67.2597 
67.2692 
67.2657 
67.2772 
67.2775 
67.2957 
67.2974 
67.308 
67.307 
67.317 
67.3166 
67.3235 
67.3248 
67.3332 
67.3333 
67.337 
67.3407 
67.3477 
67.3448 
67.3566 
67.353 
67.3667 
67.3718 
67.3834 
67.3851 
67.3942 
67.393 
67.4014 
67.3984 
67.4087 
67.4087 
67.4121 
67.41 
67.4222 
67.4247 
67.4363 
67.4382 
67.4494 
67.4492 
67.4572 
67.4557 
67.4668 
67.4633 
67.4727 
67.4719 
67.483 
67.483 
67.4936 
67.4953 
67.5101 
67.5106 
67.5227 
67.5208 
67.5283 
67.5256 
67.5372 
67.537 
67.5495 
67.5429 
67.5548 
67.5557 
67.5653 
67.566 
67.5761 
67.5738 
67.5813 
67.5796 
67.5845 
67.5808 
67.5909 
67.5908 
67.6048 
67.6053 
67.6185 
67.6214 
67.6291 
67.6334 
67.641 
67.6411 
67.6515 
67.652 
67.6618 
67.6673 
67.6777 
67.6768 
67.6833 
67.6818 
67.6936 
67.6895 
67.6978 
67.6951 
67.7033 
67.7047 
67.7184 
67.716 
67.726 
67.7297 
67.7389 
67.738 
67.7522 
67.7534 
67.763 
67.761 
67.7706 
67.7736 
67.7897 
67.7939 
67.7971 
67.7922 
67.7997 
67.7962 
67.8045 
67.8029 
67.8131 
67.8148 
67.8252 
67.825 
67.8385 
67.8415 
67.8515 
67.8516 
67.8647 
67.8664 
67.8794 
67.8852 
67.8929 
67.8904 
67.8969 
67.9004 
67.9112 
67.9122 
67.9245 
67.9246 
67.9331 
67.9316 
67.9387 
67.9375 
67.9429 
67.948 
67.9516 
67.9547 
67.9703 
67.9694 
67.9818 
67.981 
67.9874 
67.9915 
68.0044 
68.0057 
68.0117 
68.0122 
68.0213 
68.0237 
68.0314 
68.0305 
68.0413 
68.0443 
68.0528 
68.0567 
68.066 
68.0667 
68.0747 
68.0787 
68.0892 
68.0892 
68.0997 
68.0971 
68.1095 
68.112 
68.119 
68.1188 
68.1272 
68.1245 
68.1352 
68.1356 
68.1499 
68.1498 
68.1562 
68.158 
68.1668 
68.175 
68.1828 
68.1885 
68.2024 
68.2035 
68.2126 
68.2097 
68.2239 
68.2234 
68.2318 
68.2288 
68.2339 
68.2359 
68.2413 
68.2441 
68.25 
68.248 
68.2598 
68.2597 
68.2652 
68.2652 
68.2785 
68.2757 
68.283 
68.2789 
68.2886 
68.2881 
68.2966 
68.2965 
68.3094 
68.3063 
68.3162 
68.3106 
68.3187 
68.3187 
68.3228 
68.3217 
68.3349 
68.33 
68.3411 
68.3463 
68.3548 
68.3551 
68.3669 
68.3707 
68.3814 
68.3832 
68.3905 
68.3871 
68.3915 
68.3911 
68.3995 
68.4036 
68.4081 
68.4051 
68.4169 
68.4147 
68.4264 
68.4248 
68.4251 
68.4224 
68.4295 
68.4289 
68.4357 
68.4352 
68.4415 
68.4406 
68.4469 
68.4477 
68.457 
68.4568 
68.4676 
68.4683 
68.4743 
68.4748 
68.4836 
68.4879 
68.5019 
68.4996 
68.5072 
68.5057 
68.5153 
68.5173 
68.5278 
68.526 
68.5378 
68.5392 
68.5467 
68.5371 
68.5517 
68.5533 
68.5643 
68.566 
68.5747 
68.5701 
68.5746 
68.5758 
68.5851 
68.5849 
68.5944 
68.5933 
68.5993 
68.6053 
68.6174 
68.6208 
68.6271 
68.6347 
68.6442 
68.6475 
68.6539 
68.6574 
68.6707 
68.6703 
68.6769 
68.6734 
68.6834 
68.684 
68.698 
68.702 
68.7159 
68.716 
68.7251 
68.7294 
68.7338 
68.7326 
68.7449 
68.749 
68.7592 
68.7633 
68.7738 
68.7802 
68.7935 
68.7985 
68.8064 
68.7974 
68.8041 
68.8087 
68.811 
68.8118 
68.8238 
68.8201 
68.832 
68.8286 
68.8387 
68.8357 
68.8451 
68.8484 
68.8581 
68.8577 
68.8667 
68.8678 
68.8759 
68.8795 
68.8927 
68.8946 
68.9074 
68.9065 
68.9165 
68.9193 
68.9279 
68.9298 
68.9338 
68.9332 
68.9421 
68.9423 
68.9542 
68.9574 
68.9656 
68.963 
68.9742 
68.9728 
68.9795 
68.9788 
68.9902 
68.9869 
68.9951 
68.9948 
69.0045 
69.0061 
69.0155 
69.017 
69.0222 
69.0228 
69.0326 
69.035 
69.0444 
69.0461 
69.0593 
69.0594 
69.0646 
69.0692 
69.0819 
69.0793 
69.0935 
69.0941 
69.0958 
69.0951 
69.1016 
69.1063 
69.1153 
69.1163 
69.1242 
69.1283 
69.1371 
69.136 
69.1462 
69.1501 
69.1524 
69.1537 
69.1599 
69.1637 
69.1734 
69.1803 
69.1871 
69.1878 
69.1955 
69.1959 
69.2106 
69.2087 
69.221 
69.2168 
69.2313 
69.2347 
69.2488 
69.252 
69.2588 
69.2566 
69.2655 
69.2626 
69.2715 
69.2701 
69.2802 
69.2784 
69.2878 
69.2884 
69.3011 
69.2973 
69.3046 
69.3001 
69.3122 
69.322 
69.3289 
69.3287 
69.3381 
69.3416 
69.3482 
69.3477 
69.3618 
69.3606 
69.3747 
69.3738 
69.3882 
69.3827 
69.3914 
69.3909 
69.4036 
69.4035 
69.4094 
69.411 
69.4229 
69.4214 
69.4327 
69.4284 
69.4358 
69.4321 
69.441 
69.4392 
69.4531 
69.4469 
69.4565 
69.4568 
69.467 
69.4722 
69.4838 
69.4807 
69.4888 
69.487 
69.4902 
69.4917 
69.5024 
69.5087 
69.5167 
69.515 
69.5283 
69.5314 
69.5408 
69.5429 
69.5559 
69.5543 
69.5608 
69.5617 
69.5716 
69.5762 
69.5823 
69.5861 
69.5936 
69.5932 
69.6029 
69.6031 
69.6145 
69.6166 
69.6241 
69.6191 
69.6275 
69.6314 
69.6386 
69.6411 
69.6506 
69.6487 
69.6639 
69.6667 
69.6715 
69.6751 
69.6844 
69.6832 
69.6913 
69.6948 
69.7089 
69.7131 
69.7205 
69.7185 
69.7301 
69.7292 
69.7417 
69.7426 
69.756 
69.7589 
69.7656 
69.7645 
69.7775 
69.7793 
69.7827 
69.7872 
69.7959 
69.799 
69.8111 
69.8092 
69.8192 
69.8212 
69.8327 
69.8284 
69.8357 
69.8286 
69.8393 
69.8377 
69.847 
69.8505 
69.8631 
69.8632 
69.8711 
69.8692 
69.8768 
69.875 
69.8834 
69.8874 
69.8996 
69.8973 
69.9096 
69.9061 
69.9151 
69.9145 
69.9277 
69.9288 
69.9367 
69.9395 
69.9524 
69.9516 
69.9602 
69.9658 
69.9782 
69.9765 
69.9824 
69.9821 
69.9887 
69.9912 
70.0016 
70.0077 
70.0183 
70.022 
70.033 
70.0357 
70.0435 
70.0426 
70.0546 
70.0583 
70.0709 
70.0706 
70.0767 
70.0748 
70.0793 
70.079 
70.0878 
70.0821 
70.0873 
70.0869 
70.0972 
70.101 
70.117 
70.1134 
70.1215 
70.1194 
70.1308 
70.1291 
70.1353 
70.1396 
70.1505 
70.1479 
70.1527 
70.162 
70.1727 
70.1717 
70.1811 
70.1841 
70.1986 
70.2012 
70.2114 
70.2138 
70.2275 
70.2279 
70.2356 
70.2325 
70.2462 
70.2502 
70.2573 
70.2518 
70.2616 
70.258 
70.2692 
70.2668 
70.2773 
70.2846 
70.3002 
70.3019 
70.3122 
70.3137 
70.3214 
70.3223 
70.3276 
70.3293 
70.3325 
70.3325 
70.3458 
70.3469 
70.3554 
70.3604 
70.3637 
70.3614 
70.3722 
70.3666 
70.3771 
70.3757 
70.3828 
70.389 
70.4054 
70.4048 
70.4128 
70.4145 
70.4219 
70.4233 
70.4291 
70.4262 
70.4303 
70.4283 
70.4345 
70.4341 
70.4424 
70.4498 
70.462 
70.4634 
70.471 
70.4678 
70.478 
70.4795 
70.4868 
70.4825 
70.4947 
70.4936 
70.5008 
70.5014 
70.5097 
70.5039 
70.5083 
70.507 
70.5133 
70.5086 
70.5132 
70.508 
70.5154 
70.5165 
70.5285 
70.5233 
70.5332 
70.5321 
70.542 
70.5459 
70.551 
70.5513 
70.5615 
70.5575 
70.571 
70.5709 
70.5757 
70.5708 
70.5786 
70.5804 
70.5974 
70.5926 
70.6 
70.5985 
70.6096 
70.6067 
70.6184 
70.621 
70.6296 
70.6304 
70.6361 
70.6373 
70.6442 
70.6481 
70.6546 
70.6517 
70.6602 
70.6599 
70.6679 
70.6691 
70.6773 
70.6806 
70.6956 
70.6956 
70.704 
70.7021 
70.7107 
70.7091 
70.7224 
70.7229 
70.7363 
70.7357 
70.7485 
70.7449 
70.752 
70.7473 
70.7572 
70.7546 
70.759 
70.7602 
70.7718 
70.7656 
70.7744 
70.7743 
70.778 
70.7769 
70.7783 
70.7721 
70.7854 
70.7788 
70.7905 
70.7977 
70.8084 
70.8098 
70.8106 
70.8058 
70.8171 
70.8179 
70.8242 
70.8218 
70.8283 
70.8296 
70.8383 
70.8368 
70.8467 
70.8503 
70.8555 
70.8517 
70.8589 
70.8562 
70.8645 
70.8619 
70.8679 
70.8709 
70.883 
70.8834 
70.8968 
70.8951 
70.9044 
70.908 
70.9192 
70.919 
70.9304 
70.9254 
70.9337 
70.9388 
70.9493 
70.9462 
70.9524 
70.9571 
70.9705 
70.9715 
70.9791 
70.9777 
70.9863 
70.9845 
70.9968 
70.9943 
71.0029 
71.0042 
71.0195 
71.0155 
71.0237 
71.0276 
71.0344 
71.0372 
71.0443 
71.0468 
71.0541 
71.0518 
71.0606 
71.059 
71.0645 
71.0622 
71.0675 
71.0744 
71.0837 
71.0883 
71.1009 
71.0974 
71.1067 
71.1014 
71.107 
71.1092 
71.1178 
71.1119 
71.122 
71.1189 
71.1263 
71.1212 
71.1241 
71.1229 
71.1242 
71.125 
71.137 
71.1331 
71.1378 
71.1389 
71.1466 
71.1482 
71.1614 
71.1597 
71.1703 
71.1699 
71.1795 
71.1815 
71.1835 
71.1804 
71.1886 
71.1931 
71.1987 
71.1995 
71.2059 
71.2053 
71.2134 
71.2077 
71.219 
71.2214 
71.2274 
71.232 
71.2419 
71.241 
71.247 
71.2464 
71.2542 
71.2581 
71.2715 
71.2736 
71.2806 
71.2782 
71.294 
71.288 
71.2948 
71.2894 
71.2975 
71.2941 
71.3012 
71.3034 
71.3129 
71.3127 
71.3224 
71.3231 
71.3301 
71.3372 
71.3474 
71.3453 
71.356 
71.3551 
71.3651 
71.3696 
71.3811 
71.3799 
71.3866 
71.3901 
71.4033 
71.4049 
71.4159 
71.4138 
71.4187 
71.4145 
71.423 
71.4272 
71.4397 
71.4371 
71.4472 
71.446 
71.4561 
71.4564 
71.4577 
71.4608 
71.4724 
71.4764 
71.4818 
71.4853 
71.4918 
71.4879 
71.4977 
71.4993 
71.5092 
71.5092 
71.5181 
71.5197 
71.5383 
71.5365 
71.548 
71.5562 
71.5667 
71.5632 
71.5687 
71.5698 
71.5787 
71.5733 
71.5878 
71.5867 
71.5899 
71.5925 
71.6014 
71.5962 
71.6077 
71.6113 
71.6188 
71.6198 
71.6283 
71.6319 
71.6484 
71.6432 
71.6544 
71.6551 
71.662 
71.6632 
71.6722 
71.675 
71.6814 
71.679 
71.6885 
71.6901 
71.6985 
71.6972 
71.7041 
71.7064 
71.7143 
71.7155 
71.7253 
71.7285 
71.7439 
71.7464 
71.7526 
71.7524 
71.7651 
71.7634 
71.7679 
71.7663 
71.7809 
71.7772 
71.7843 
71.781 
71.7978 
71.7966 
71.803 
71.7987 
71.8087 
71.8117 
71.8236 
71.8248 
71.8315 
71.8333 
71.8426 
71.8439 
71.8503 
71.8563 
71.8681 
71.871 
71.8854 
71.8865 
71.8938 
71.8932 
71.9038 
71.9038 
71.9144 
71.9192 
71.9297 
71.9276 
71.9329 
71.9335 
71.9394 
71.9343 
71.9429 
71.9468 
71.9545 
71.9465 
71.9524 
71.9482 
71.9598 
71.9605 
71.9765 
71.9821 
71.9927 
71.9939 
72.0024 
71.9998 
72.0094 
72.0095 
72.0215 
72.0189 
72.03 
72.0282 
72.0373 
72.042 
72.0532 
72.0493 
72.0598 
72.0551 
72.064 
72.0648 
72.0698 
72.0711 
72.0775 
72.0798 
72.0898 
72.0842 
72.0989 
72.0953 
72.1051 
72.1031 
72.1128 
72.1125 
72.1189 
72.1215 
72.1282 
72.1259 
72.1397 
72.1425 
72.148 
72.1496 
72.1565 
72.1574 
72.1713 
72.1679 
72.1796 
72.1738 
72.191 
72.1887 
72.1963 
72.1918 
72.2009 
72.2007 
72.2106 
72.2054 
72.2122 
72.2105 
72.2231 
72.2173 
72.227 
72.2248 
72.2275 
72.2289 
72.2354 
72.2341 
72.241 
72.2411 
72.2511 
72.2517 
72.2577 
72.2609 
72.2689 
72.2697 
72.2772 
72.2768 
72.2869 
72.281 
72.2901 
72.2917 
72.3015 
72.3031 
72.3085 
72.31 
72.3158 
72.3183 
72.332 
72.3316 
72.3414 
72.337 
72.3454 
72.3496 
72.3537 
72.3576 
72.3652 
72.3657 
72.378 
72.3786 
72.388 
72.388 
72.396 
72.4024 
72.4085 
72.4101 
72.4167 
72.4122 
72.4248 
72.4261 
72.4295 
72.4272 
72.4367 
72.4376 
72.4429 
72.4466 
72.4551 
72.4578 
72.4677 
72.4694 
72.4794 
72.4744 
72.4812 
72.4805 
72.486 
72.4826 
72.494 
72.496 
72.5016 
72.4972 
72.5042 
72.506 
72.5098 
72.5091 
72.5186 
72.5197 
72.5266 
72.5251 
72.5296 
72.5264 
72.5289 
72.5256 
72.5351 
72.5351 
72.5413 
72.5425 
72.549 
72.5497 
72.5651 
72.5636 
72.5734 
72.581 
72.5895 
72.5821 
72.59 
72.5862 
72.5976 
72.6013 
72.6174 
72.6149 
72.6254 
72.6251 
72.6391 
72.6409 
72.6518 
72.6556 
72.6687 
72.6709 
72.674 
72.6746 
72.6848 
72.687 
72.6979 
72.6982 
72.7127 
72.71 
72.7188 
72.7176 
72.726 
72.7262 
72.7342 
72.7292 
72.7455 
72.7427 
72.748 
72.7471 
72.7609 
72.7621 
72.7762 
72.7799 
72.7884 
72.7937 
72.8052 
72.8063 
72.8185 
72.8214 
72.8329 
72.8332 
72.8376 
72.8396 
72.848 
72.8402 
72.8424 
72.8431 
72.854 
72.8498 
72.8613 
72.857 
72.8646 
72.8665 
72.8724 
72.8764 
72.8804 
72.8797 
72.8863 
72.8825 
72.889 
72.8843 
72.9001 
72.8988 
72.9046 
72.9071 
72.9161 
72.9182 
72.9336 
72.9341 
72.9456 
72.9426 
72.949 
72.952 
72.9546 
72.9507 
72.9632 
72.9624 
72.9786 
72.9795 
72.9948 
72.9985 
73.0124 
73.0151 
73.0316 
73.0357 
73.044 
73.0455 
73.0497 
73.0439 
73.0517 
73.0506 
73.06 
73.0571 
73.0678 
73.0677 
73.0718 
73.0705 
73.0773 
73.0738 
73.0761 
73.0747 
73.0896 
73.0882 
73.0967 
73.0981 
73.1016 
73.0997 
73.1048 
73.109 
73.1197 
73.1243 
73.1315 
73.1305 
73.1372 
73.1444 
73.1496 
73.1479 
73.153 
73.1579 
73.17 
73.1662 
73.1823 
73.1827 
73.1887 
73.1914 
73.2029 
73.1975 
73.2054 
73.2057 
73.2093 
73.2086 
73.2152 
73.2121 
73.224 
73.2241 
73.2332 
73.2317 
73.2329 
73.229 
73.2446 
73.2494 
73.2553 
73.257 
73.2636 
73.2708 
73.279 
73.279 
73.2881 
73.2902 
73.2963 
73.296 
73.3032 
73.2998 
73.3046 
73.3047 
73.3174 
73.3197 
73.3244 
73.3249 
73.3391 
73.3443 
73.3505 
73.3518 
73.3573 
73.3531 
73.3663 
73.365 
73.3769 
73.3765 
73.3851 
73.3857 
73.3985 
73.3999 
73.4061 
73.4083 
73.4209 
73.424 
73.4321 
73.432 
73.4359 
73.4345 
73.4433 
73.4418 
73.4465 
73.4457 
73.4539 
73.4593 
73.4715 
73.4684 
73.4756 
73.4775 
73.4864 
73.4836 
73.49 
73.4865 
73.4939 
73.4912 
73.4987 
73.5044 
73.5116 
73.5112 
73.5195 
73.5218 
73.5284 
73.5292 
73.5385 
73.5393 
73.5517 
73.5483 
73.5586 
73.556 
73.5645 
73.5662 
73.5738 
73.5766 
73.5863 
73.5835 
73.5907 
73.5877 
73.5938 
73.5957 
73.6024 
73.6035 
73.614 
73.6174 
73.6259 
73.6263 
73.6381 
73.6363 
73.6454 
73.6436 
73.6497 
73.6516 
73.6562 
73.6558 
73.6627 
73.6643 
73.6707 
73.6746 
73.6887 
73.688 
73.7017 
73.6992 
73.7062 
73.7078 
73.7196 
73.7199 
73.7316 
73.7312 
73.7394 
73.7368 
73.7463 
73.7452 
73.7589 
73.7623 
73.7779 
73.7762 
73.7862 
73.7852 
73.7981 
73.7987 
73.8013 
73.7946 
73.8043 
73.8022 
73.8085 
73.8065 
73.815 
73.8144 
73.8228 
73.8245 
73.83 
73.8307 
73.8339 
73.8366 
73.8427 
73.846 
73.8539 
73.8589 
73.8671 
73.8693 
73.8694 
73.8702 
73.8832 
73.8784 
73.8882 
73.8867 
73.8955 
73.8973 
73.9048 
73.8997 
73.906 
73.9073 
73.9147 
73.913 
73.9209 
73.9226 
73.9241 
73.9243 
73.9325 
73.9344 
73.9438 
73.9473 
73.9579 
73.9589 
73.9746 
73.976 
73.9848 
73.9892 
73.9988 
73.9975 
74.0092 
74.0118 
74.0227 
74.0219 
74.0293 
74.029 
74.0412 
74.0476 
74.0573 
74.0593 
74.0707 
74.0634 
74.0827 
74.0835 
74.094 
74.0895 
74.1013 
74.1056 
74.1154 
74.1127 
74.1254 
74.1301 
74.1347 
74.1336 
74.1437 
74.1455 
74.158 
74.1577 
74.1642 
74.1669 
74.1696 
74.1693 
74.1807 
74.1789 
74.1873 
74.1914 
74.193 
74.1899 
74.2056 
74.2046 
74.2143 
74.2168 
74.2167 
74.221 
74.2294 
74.227 
74.238 
74.239 
74.2461 
74.2468 
74.253 
74.2471 
74.2639 
74.2653 
74.269 
74.2709 
74.2801 
74.2839 
74.2824 
74.2867 
74.296 
74.2961 
74.3015 
74.3045 
74.3202 
74.3215 
74.3314 
74.3311 
74.3371 
74.3367 
74.3449 
74.3491 
74.3598 
74.3555 
74.3659 
74.3581 
74.3664 
74.3662 
74.3758 
74.372 
74.3838 
74.3861 
74.3949 
74.3909 
74.4031 
74.402 
74.41 
74.4084 
74.4188 
74.419 
74.4299 
74.4291 
74.4356 
74.4374 
74.4478 
74.4495 
74.459 
74.4545 
74.4634 
74.4634 
74.4695 
74.4675 
74.4804 
74.4808 
74.4895 
74.4886 
74.4984 
74.4965 
74.5031 
74.5041 
74.5138 
74.517 
74.5279 
74.5335 
74.5426 
74.5466 
74.5568 
74.5538 
74.5598 
74.5592 
74.5675 
74.566 
74.5703 
74.5712 
74.5795 
74.5758 
74.5805 
74.579 
74.5893 
74.5897 
74.5959 
74.5928 
74.5963 
74.5973 
74.605 
74.6064 
74.6178 
74.6156 
74.6243 
74.6234 
74.6389 
74.6413 
74.6563 
74.6616 
74.67 
74.6691 
74.6866 
74.6833 
74.6929 
74.6912 
74.6949 
74.6951 
74.7063 
74.7035 
74.7073 
74.7027 
74.7107 
74.7096 
74.7141 
74.7099 
74.7182 
74.7192 
74.7245 
74.7268 
74.7357 
74.7354 
74.7457 
74.7462 
74.7549 
74.7506 
74.7567 
74.7544 
74.7634 
74.7662 
74.7724 
74.7739 
74.7854 
74.7865 
74.7935 
74.7931 
74.8027 
74.8019 
74.8059 
74.8035 
74.8071 
74.8091 
74.8225 
74.82 
74.8262 
74.8265 
74.8334 
74.8293 
74.8386 
74.8388 
74.8488 
74.8499 
74.8568 
74.856 
74.8633 
74.8694 
74.8739 
74.8756 
74.8842 
74.8819 
74.889 
74.8879 
74.8987 
74.8981 
74.9069 
74.9076 
74.9115 
74.913 
74.9233 
74.923 
74.9274 
74.9276 
74.9355 
74.9308 
74.9456 
74.9452 
74.9563 
74.9569 
74.9655 
74.9632 
74.9743 
74.9756 
74.9847 
74.9849 
74.9937 
74.9921 
74.9997 
74.995 
75.0063 
75.0044 
75.0046 
75.0008 
75.0092 
75.0071 
75.0131 
75.0184 
75.0257 
75.027 
75.0376 
75.0336 
75.0428 
75.0474 
75.0565 
75.058 
75.0688 
75.063 
75.0683 
75.0722 
75.08 
75.0801 
75.0899 
75.0905 
75.0979 
75.0968 
75.1072 
75.1083 
75.1256 
75.1273 
75.1414 
75.1397 
75.1471 
75.1439 
75.1519 
75.1531 
75.1628 
75.1669 
75.1749 
75.1682 
75.1799 
75.1839 
75.1913 
75.1878 
75.1941 
75.1927 
75.1971 
75.1925 
75.2024 
75.202 
75.2103 
75.2063 
75.2147 
75.2134 
75.2216 
75.2207 
75.2314 
75.2293 
75.2377 
75.2348 
75.2425 
75.2376 
75.2447 
75.2406 
75.2538 
75.257 
75.2654 
75.2653 
75.2801 
75.2811 
75.2933 
75.2938 
75.2983 
75.2984 
75.3057 
75.3058 
75.3102 
75.3091 
75.3129 
75.3117 
75.3203 
75.3212 
75.3243 
75.3245 
75.3347 
75.3298 
75.3411 
75.3431 
75.35 
75.3466 
75.354 
75.3551 
75.3629 
75.363 
75.3683 
75.3706 
75.3761 
75.3812 
75.393 
75.392 
75.3949 
75.3925 
75.3976 
75.4 
75.4069 
75.4042 
75.4127 
75.4168 
75.4251 
75.4221 
75.4301 
75.4288 
75.4366 
75.4408 
75.4464 
75.4414 
75.4539 
75.4535 
75.4665 
75.4622 
75.4685 
75.4701 
75.4867 
75.4844 
75.4982 
75.4984 
75.5077 
75.5067 
75.5111 
75.5064 
75.5165 
75.5195 
75.5278 
75.5335 
75.5425 
75.5424 
75.5519 
75.5488 
75.561 
75.5618 
75.5715 
75.5707 
75.5831 
75.5823 
75.5899 
75.589 
75.596 
75.5931 
75.6035 
75.6079 
75.6208 
75.6225 
75.6291 
75.6344 
75.6411 
75.6429 
75.6529 
75.6544 
75.657 
75.6582 
75.6604 
75.6661 
75.679 
75.6806 
75.6928 
75.6888 
75.6981 
75.6993 
75.7092 
75.7065 
75.7149 
75.7131 
75.7212 
75.7238 
75.7339 
75.7362 
75.7422 
75.7429 
75.7496 
75.7447 
75.7528 
75.7528 
75.7667 
75.7701 
75.7786 
75.7797 
75.7867 
75.7878 
75.7969 
75.7938 
75.8022 
75.7984 
75.8075 
75.8092 
75.825 
75.8288 
75.8378 
75.8368 
75.8477 
75.8479 
75.8556 
75.8539 
75.8608 
75.8591 
75.8682 
75.8714 
75.881 
75.8821 
75.8888 
75.8895 
75.8986 
75.8995 
75.9118 
75.912 
75.9213 
75.9275 
75.9341 
75.9327 
75.9436 
75.9458 
75.9521 
75.9512 
75.9586 
75.959 
75.9666 
75.971 
75.9821 
75.9823 
75.986 
75.987 
75.9976 
75.9982 
76.0029 
76.0044 
76.0104 
76.0126 
76.0213 
76.0244 
76.0299 
76.0302 
76.0333 
76.0365 
76.0465 
76.0484 
76.062 
76.0601 
76.0655 
76.067 
76.0763 
76.0742 
76.0814 
76.0844 
76.095 
76.095 
76.1009 
76.1004 
76.1039 
76.1024 
76.1138 
76.1144 
76.1166 
76.1169 
76.1241 
76.1248 
76.1328 
76.1415 
76.145 
76.1461 
76.1575 
76.1542 
76.1586 
76.1531 
76.1648 
76.1689 
76.1775 
76.1801 
76.1876 
76.1941 
76.2015 
76.2013 
76.2079 
76.1998 
76.2068 
76.2007 
76.2062 
76.2005 
76.2142 
76.2169 
76.2236 
76.2246 
76.2306 
76.2365 
76.2463 
76.2491 
76.2613 
76.2612 
76.27 
76.2698 
76.2783 
76.2797 
76.2891 
76.2877 
76.2978 
76.2995 
76.3058 
76.3066 
76.3185 
76.3186 
76.3283 
76.3263 
76.3364 
76.333 
76.3421 
76.3404 
76.3532 
76.3551 
76.3626 
76.3627 
76.3708 
76.3677 
76.3752 
76.3796 
76.3879 
76.3852 
76.3901 
76.3947 
76.4012 
76.3998 
76.4116 
76.4151 
76.4275 
76.4255 
76.4387 
76.4408 
76.4546 
76.4536 
76.4666 
76.472 
76.4794 
76.479 
76.489 
76.4884 
76.5018 
76.4989 
76.5056 
76.5025 
76.5121 
76.5098 
76.5202 
76.5176 
76.5322 
76.5285 
76.5362 
76.5373 
76.5408 
76.5419 
76.5499 
76.5481 
76.5566 
76.5662 
76.5723 
76.5768 
76.5881 
76.5885 
76.6028 
76.6026 
76.6118 
76.6158 
76.6262 
76.6249 
76.6314 
76.6298 
76.6424 
76.6357 
76.6435 
76.637 
76.6463 
76.6478 
76.6579 
76.654 
76.6635 
76.6655 
76.6777 
76.6706 
76.673 
76.6729 
76.6803 
76.6813 
76.69 
76.6892 
76.6963 
76.6979 
76.7047 
76.7054 
76.7165 
76.7138 
76.7219 
76.7177 
76.7223 
76.7229 
76.7345 
76.7354 
76.7426 
76.7409 
76.7443 
76.7408 
76.7476 
76.7498 
76.7594 
76.7589 
76.7719 
76.7761 
76.7806 
76.7819 
76.7912 
76.7911 
76.8022 
76.7981 
76.8054 
76.8054 
76.8114 
76.8117 
76.8221 
76.822 
76.8319 
76.8267 
76.837 
76.8328 
76.8409 
76.8375 
76.8474 
76.848 
76.8585 
76.8617 
76.8697 
76.8725 
76.8852 
76.8834 
76.8934 
76.8943 
76.9069 
76.901 
76.9058 
76.9 
76.9045 
76.9024 
76.9078 
76.9085 
76.9224 
76.926 
76.9308 
76.9298 
76.935 
76.9342 
76.937 
76.9362 
76.9398 
76.9395 
76.9419 
76.9469 
76.9533 
76.9511 
76.9577 
76.9601 
76.9706 
76.9662 
76.9751 
76.9815 
76.9883 
76.9909 
76.9993 
76.9984 
77.0082 
77.0056 
77.0147 
77.0195 
77.0289 
77.0313 
77.0461 
77.0492 
77.0583 
77.0579 
77.0676 
77.0698 
77.0801 
77.0815 
77.0871 
77.0919 
77.1029 
77.1041 
77.1157 
77.1181 
77.1244 
77.1241 
77.1302 
77.1311 
77.1394 
77.1413 
77.1531 
77.1503 
77.156 
77.155 
77.1598 
77.1603 
77.1706 
77.1717 
77.1798 
77.1797 
77.1901 
77.1871 
77.1982 
77.2012 
77.2073 
77.2103 
77.217 
77.2206 
77.2251 
77.2214 
77.2251 
77.2232 
77.2324 
77.239 
77.2517 
77.2563 
77.2675 
77.2681 
77.2769 
77.2808 
77.2878 
77.2816 
77.2887 
77.289 
77.297 
77.2909 
77.2977 
77.296 
77.3081 
77.3094 
77.317 
77.3182 
77.3311 
77.3348 
77.3433 
77.346 
77.3608 
77.36 
77.3755 
77.3752 
77.3879 
77.3889 
77.3974 
77.3948 
77.4008 
77.3979 
77.4045 
77.4074 
77.4152 
77.4185 
77.4291 
77.4327 
77.4401 
77.4367 
77.4496 
77.4497 
77.4556 
77.4527 
77.461 
77.4591 
77.4708 
77.4705 
77.4802 
77.4825 
77.4926 
77.4953 
77.5053 
77.507 
77.5153 
77.5079 
77.5138 
77.5202 
77.5297 
77.5246 
77.5307 
77.5309 
77.5442 
77.5387 
77.5462 
77.5464 
77.5535 
77.5502 
77.5532 
77.5545 
77.5632 
77.5618 
77.5731 
77.5742 
77.5788 
77.5806 
77.5818 
77.5802 
77.5851 
77.5792 
77.5916 
77.5918 
77.5947 
77.5935 
77.6086 
77.6145 
77.6219 
77.6156 
77.6271 
77.6263 
77.6331 
77.6299 
77.6391 
77.6387 
77.6461 
77.6451 
77.6524 
77.6513 
77.658 
77.6534 
77.6662 
77.666 
77.6706 
77.6683 
77.6718 
77.6669 
77.6732 
77.6733 
77.6769 
77.6749 
77.6822 
77.6838 
77.6945 
77.6939 
77.6972 
77.6961 
77.7019 
77.7036 
77.7133 
77.7137 
77.7161 
77.7195 
77.7263 
77.7269 
77.7387 
77.7443 
77.7541 
77.7563 
77.7646 
77.7682 
77.7777 
77.7757 
77.7858 
77.7912 
77.7986 
77.7974 
77.8079 
77.8114 
77.8257 
77.8202 
77.83 
77.8357 
77.8373 
77.8397 
77.8491 
77.8509 
77.8597 
77.86 
77.8697 
77.8748 
77.8864 
77.884 
77.8874 
77.8855 
77.8896 
77.8889 
77.8949 
77.8956 
77.9099 
77.909 
77.9127 
77.9129 
77.924 
77.926 
77.9375 
77.9342 
77.941 
77.942 
77.9449 
77.9443 
77.9553 
77.9503 
77.9594 
77.9562 
77.963 
77.9647 
77.9731 
77.9712 
77.978 
77.9791 
77.9854 
77.9826 
77.99 
77.9891 
78.0018 
77.9999 
78.0052 
78.0004 
78.0068 
78.0056 
78.017 
78.0205 
78.0264 
78.0265 
78.0335 
78.0295 
78.0317 
78.031 
78.0398 
78.0376 
78.0429 
78.0395 
78.0511 
78.0499 
78.0555 
78.055 
78.06 
78.0591 
78.0751 
78.0762 
78.0806 
78.08 
78.09 
78.09 
78.1009 
78.0995 
78.1044 
78.1081 
78.1192 
78.1222 
78.128 
78.129 
78.1379 
78.1383 
78.1494 
78.1459 
78.1507 
78.1522 
78.161 
78.1606 
78.1686 
78.163 
78.1668 
78.1682 
78.1782 
78.1772 
78.1916 
78.193 
78.198 
78.2032 
78.2041 
78.2046 
78.212 
78.2078 
78.213 
78.2168 
78.2257 
78.2185 
78.2234 
78.2207 
78.2299 
78.2258 
78.2298 
78.2337 
78.2471 
78.2503 
78.258 
78.2586 
78.2669 
78.2657 
78.2766 
78.2771 
78.2861 
78.2806 
78.2946 
78.2911 
78.3025 
78.2971 
78.308 
78.3113 
78.3174 
78.3204 
78.3329 
78.3308 
78.3448 
78.3479 
78.3503 
78.3488 
78.3609 
78.3631 
78.3693 
78.3747 
78.3802 
78.3816 
78.3883 
78.3849 
78.3945 
78.3968 
78.4038 
78.4085 
78.4194 
78.4295 
78.4362 
78.4368 
78.4403 
78.4406 
78.4496 
78.4501 
78.4607 
78.465 
78.4694 
78.4706 
78.4733 
78.4705 
78.4805 
78.479 
78.4866 
78.4822 
78.4946 
78.4931 
78.5012 
78.5036 
78.5105 
78.511 
78.5233 
78.5227 
78.5296 
78.5331 
78.5402 
78.5366 
78.5407 
78.5417 
78.5497 
78.5521 
78.5605 
78.5611 
78.573 
78.5722 
78.5775 
78.5755 
78.5828 
78.5832 
78.5892 
78.5885 
78.6003 
78.5991 
78.6057 
78.6023 
78.6047 
78.6041 
78.6091 
78.608 
78.6198 
78.6214 
78.6273 
78.6274 
78.6327 
78.627 
78.6369 
78.6379 
78.6413 
78.6458 
78.6549 
78.6527 
78.6636 
78.6653 
78.6732 
78.6794 
78.6856 
78.6891 
78.6964 
78.7031 
78.711 
78.7129 
78.717 
78.7155 
78.7231 
78.716 
78.7239 
78.7171 
78.727 
78.7269 
78.7351 
78.7392 
78.7483 
78.7495 
78.7577 
78.756 
78.7638 
78.7609 
78.7652 
78.7667 
78.7712 
78.7657 
78.7692 
78.7663 
78.7753 
78.7732 
78.7823 
78.7863 
78.7967 
78.7955 
78.8036 
78.8062 
78.8155 
78.8171 
78.8245 
78.8223 
78.8356 
78.8355 
78.8412 
78.8472 
78.8532 
78.8549 
78.8624 
78.8616 
78.865 
78.8646 
78.8721 
78.8722 
78.8801 
78.8857 
78.8972 
78.901 
78.909 
78.9045 
78.9119 
78.9093 
78.9122 
78.9172 
78.9256 
78.9222 
78.9329 
78.9356 
78.9444 
78.9486 
78.9606 
78.9683 
78.9781 
78.9759 
78.9857 
78.9847 
78.9861 
78.9855 
78.9939 
78.993 
78.9991 
79.0044 
79.0145 
79.0117 
79.0206 
79.0168 
79.0263 
79.0275 
79.0378 
79.0356 
79.0404 
79.0371 
79.0504 
79.0527 
79.0568 
79.058 
79.0656 
79.0693 
79.0728 
79.0728 
79.0778 
79.079 
79.092 
79.0941 
79.1053 
79.1116 
79.1168 
79.1159 
79.1246 
79.1265 
79.1328 
79.1362 
79.1455 
79.1405 
79.1497 
79.155 
79.1639 
79.1621 
79.166 
79.1604 
79.1664 
79.1622 
79.1727 
79.1699 
79.1742 
79.1754 
79.182 
79.183 
79.1881 
79.1863 
79.1965 
79.1994 
79.2075 
79.2084 
79.2133 
79.2081 
79.2235 
79.2251 
79.2279 
79.2274 
79.2304 
79.2316 
79.2395 
79.239 
79.2422 
79.2395 
79.2463 
79.2464 
79.2519 
79.2512 
79.2634 
79.2728 
79.2779 
79.2791 
79.2916 
79.2929 
79.3028 
79.2983 
79.3068 
79.2978 
79.3116 
79.3071 
79.3115 
79.3061 
79.3101 
79.3155 
79.3215 
79.3205 
79.3258 
79.321 
79.3283 
79.3253 
79.3318 
79.3319 
79.3461 
79.3476 
79.3499 
79.3464 
79.3583 
79.3587 
79.3695 
79.3649 
79.3746 
79.3717 
79.381 
79.3769 
79.3805 
79.3808 
79.3881 
79.3888 
79.3988 
79.3984 
79.4119 
79.4123 
79.4196 
79.4159 
79.4234 
79.4193 
79.4335 
79.43 
79.4334 
79.4324 
79.4409 
79.4351 
79.4533 
79.4522 
79.4615 
79.4658 
79.4666 
79.4691 
79.4748 
79.4734 
79.4788 
79.4767 
79.4882 
79.4885 
79.4994 
79.5016 
79.5073 
79.506 
79.5083 
79.5091 
79.5218 
79.5188 
79.5308 
79.5283 
79.5347 
79.5391 
79.5455 
79.548 
79.5548 
79.5576 
79.5676 
79.5692 
79.5716 
79.5706 
79.5757 
79.5763 
79.5843 
79.5859 
79.5927 
79.5924 
79.5953 
79.5956 
79.6029 
79.601 
79.6077 
79.6077 
79.6188 
79.6172 
79.6227 
79.6211 
79.6225 
79.6294 
79.6398 
79.6411 
79.6438 
79.6421 
79.6459 
79.6451 
79.6473 
79.6432 
79.6483 
79.6465 
79.6558 
79.656 
79.6657 
79.6643 
79.6737 
79.676 
79.6849 
79.6855 
79.6934 
79.6905 
79.7043 
79.6993 
79.7115 
79.7152 
79.7269 
79.7228 
79.7278 
79.7282 
79.7386 
79.74 
79.7525 
79.7547 
79.7653 
79.7584 
79.7646 
79.757 
79.7675 
79.7654 
79.7746 
79.7709 
79.774 
79.7693 
79.7799 
79.7878 
79.7921 
79.7936 
79.8053 
79.8053 
79.813 
79.8121 
79.8224 
79.8237 
79.8315 
79.8326 
79.8462 
79.8439 
79.856 
79.8577 
79.8705 
79.8691 
79.8791 
79.8731 
79.8878 
79.8881 
79.8922 
79.889 
79.8955 
79.898 
79.9065 
79.9047 
79.9184 
