1 0 0 0 0 10 
1 1.4 2.4 3.8 6.2 10 
1 1.6 2.7 4.31 7.011 10 
1 4.67623 8.51841 12.6566 14.9278 10 
1 11.9426 21.8834 28.2643 25.9452 10 
1 27.4268 48.7566 57.2414 45.0434 10 
1 58.2719 101.011 112.035 80.408 10 
1 118.172 201.605 216.496 147.352 10 
1 233.454 394.614 416.243 275.049 10 
1 454.63 764.516 798.606 519.279 10 
1 878.503 1473.15 1530.81 986.827 10 
1 1690.53 2830.53 2933.13 1882.18 10 
1 3245.94 5430.42 5618.97 3596.98 10 
1 6225.15 10410.1 10763.2 6881.32 10 
1 11931.4 19948 20616.1 13171.9 10 
1 22860.7 38216.2 39487.7 25220.4 10 
1 43794.1 73205.8 75633 48297.3 10 
1 83888.6 140223 144863 92497.2 10 
1 160683 268583 277463 177155 10 
1 307770 514434 531435 339302 10 
1 589490 985323 1.01788e+06 649869 10 
1 1.12908e+06 1.88723e+06 1.94957e+06 1.24471e+06 10 
1 2.16257e+06 3.61469e+06 3.73408e+06 2.38402e+06 10 
1 4.14205e+06 6.92334e+06 7.15202e+06 4.56619e+06 10 
1 7.93342e+06 1.32605e+07 1.36985e+07 8.74577e+06 10 
1 1.51952e+07 2.53983e+07 2.62372e+07 1.67511e+07 10 
1 2.91038e+07 4.86463e+07 5.0253e+07 3.20839e+07 10 
1 5.57435e+07 9.31739e+07 9.62513e+07 6.14513e+07 10 
1 1.06767e+08 1.78459e+08 1.84353e+08 1.177e+08 10 
1 2.04495e+08 3.41809e+08 3.53098e+08 2.25434e+08 10 
1 3.91677e+08 6.54678e+08 6.76301e+08 4.31782e+08 10 
1 7.50192e+08 1.25393e+09 1.29534e+09 8.27007e+08 10 
1 1.43687e+09 2.40169e+09 2.48101e+09 1.58399e+09 10 
1 2.75208e+09 4.60004e+09 4.75197e+09 3.03388e+09 10 
1 5.27116e+09 8.81061e+09 9.1016e+09 5.81089e+09 10 
1 1.0096e+10 1.68753e+10 1.74326e+10 1.11298e+10 10 
1 1.93373e+10 3.23217e+10 3.33893e+10 2.13173e+10 10 
1 3.70373e+10 6.19069e+10 6.39516e+10 4.08297e+10 10 
1 7.09388e+10 1.18572e+11 1.22489e+11 7.82025e+10 10 
1 1.35871e+11 2.27106e+11 2.34607e+11 1.49784e+11 10 
1 2.60239e+11 4.34983e+11 4.4935e+11 2.86886e+11 10 
1 4.98445e+11 8.33138e+11 8.60656e+11 5.49483e+11 10 
1 9.54689e+11 1.59574e+12 1.64844e+12 1.05244e+12 10 
1 1.82855e+12 3.05637e+12 3.15732e+12 2.01578e+12 10 
1 3.50228e+12 5.85397e+12 6.04732e+12 3.86089e+12 10 
1 6.70803e+12 1.12123e+13 1.15826e+13 7.39489e+12 10 
1 1.28481e+13 2.14753e+13 2.21846e+13 1.41637e+13 10 
1 2.46084e+13 4.11324e+13 4.24909e+13 2.71282e+13 10 
1 4.71334e+13 7.87823e+13 8.13843e+13 5.19596e+13 10 
1 9.02762e+13 1.50894e+14 1.55878e+14 9.95199e+13 10 
1 1.72909e+14 2.89013e+14 2.98559e+14 1.90614e+14 10 
1 3.31179e+14 5.53557e+14 5.7184e+14 3.65089e+14 10 
1 6.34318e+14 1.06025e+15 1.09526e+15 6.99268e+14 10 
1 1.21493e+15 2.03072e+15 2.0978e+15 1.33933e+15 10 
1 2.327e+15 3.88952e+15 4.01798e+15 2.56527e+15 10 
1 4.45698e+15 7.44972e+15 7.69577e+15 4.91334e+15 10 
1 8.5366e+15 1.42687e+16 1.474e+16 9.41069e+15 10 
1 1.63504e+16 2.73293e+16 2.8232e+16 1.80246e+16 10 
1 3.13165e+16 5.23448e+16 5.40737e+16 3.45231e+16 10 
1 5.99816e+16 1.00258e+17 1.03569e+17 6.61233e+16 10 
1 1.14885e+17 1.92027e+17 1.98369e+17 1.26648e+17 10 
1 2.20043e+17 3.67796e+17 3.79944e+17 2.42574e+17 10 
1 4.21455e+17 7.04452e+17 7.27719e+17 4.6461e+17 10 
1 8.07228e+17 1.34926e+18 1.39382e+18 8.89883e+17 10 
1 1.54611e+18 2.58429e+18 2.66964e+18 1.70442e+18 10 
1 2.96132e+18 4.94977e+18 5.11325e+18 3.26454e+18 10 
1 5.67191e+18 9.48046e+18 9.79359e+18 6.25268e+18 10 
1 1.08636e+19 1.81582e+19 1.8758e+19 1.1976e+19 10 
1 2.08074e+19 3.47791e+19 3.59278e+19 2.2938e+19 10 
1 3.98532e+19 6.66136e+19 6.88137e+19 4.39339e+19 10 
1 7.63322e+19 1.27587e+20 1.31801e+20 8.41481e+19 10 
1 1.46202e+20 2.44372e+20 2.52444e+20 1.61172e+20 10 
1 2.80025e+20 4.68055e+20 4.83514e+20 3.08698e+20 10 
1 5.36341e+20 8.96481e+20 9.2609e+20 5.91259e+20 10 
1 1.02727e+21 1.71706e+21 1.77377e+21 1.13246e+21 10 
1 1.96757e+21 3.28874e+21 3.39736e+21 2.16904e+21 10 
1 3.76855e+21 6.29904e+21 6.50709e+21 4.15443e+21 10 
1 7.21804e+21 1.20648e+22 1.24632e+22 7.95712e+21 10 
1 1.3825e+22 2.31081e+22 2.38713e+22 1.52405e+22 10 
1 2.64794e+22 4.42597e+22 4.57215e+22 2.91907e+22 10 
1 5.07169e+22 8.4772e+22 8.75719e+22 5.591e+22 10 
1 9.71398e+22 1.62367e+23 1.67729e+23 1.07086e+23 10 
1 1.86055e+23 3.10986e+23 3.21258e+23 2.05106e+23 10 
1 3.56358e+23 5.95643e+23 6.15316e+23 3.92846e+23 10 
1 6.82544e+23 1.14086e+24 1.17854e+24 7.52432e+23 10 
1 1.3073e+24 2.18512e+24 2.25729e+24 1.44116e+24 10 
1 2.50392e+24 4.18523e+24 4.32346e+24 2.7603e+24 10 
1 4.79583e+24 8.01612e+24 8.28087e+24 5.2869e+24 10 
1 9.18562e+24 1.53535e+25 1.58606e+25 1.01262e+25 10 
1 1.75935e+25 2.94072e+25 3.03784e+25 1.9395e+25 10 
1 3.36975e+25 5.63245e+25 5.81848e+25 3.71479e+25 10 
1 6.4542e+25 1.0788e+26 1.11443e+26 7.11506e+25 10 
1 1.23619e+26 2.06627e+26 2.13451e+26 1.36277e+26 10 
1 2.36772e+26 3.95759e+26 4.0883e+26 2.61016e+26 10 
1 4.53498e+26 7.58011e+26 7.83047e+26 4.99934e+26 10 
1 8.68601e+26 1.45184e+27 1.4998e+27 9.5754e+26 10 
1 1.66366e+27 2.78077e+27 2.87261e+27 1.83401e+27 10 
1 3.18646e+27 5.3261e+27 5.50201e+27 3.51274e+27 10 
1 6.10314e+27 1.02013e+28 1.05382e+28 6.72807e+27 10 
1 1.16896e+28 1.95388e+28 2.01841e+28 1.28865e+28 10 
1 2.23894e+28 3.74233e+28 3.86594e+28 2.46819e+28 10 
1 4.28832e+28 7.16782e+28 7.40456e+28 4.72742e+28 10 
1 7.69675e+28 1.28649e+29 1.32898e+29 8.48484e+28 10 
